300 5 2 
0 
1 
2 
3 
4 
5 
6 
4 10 
7 
8 
9 
10 
4 6 -0.740309 false 0 
4 7 -1.180346 true 1 
7 6 0.433686 true 2 
1 7 0.087612 false 3 
1 8 -0.061974 false 4 
8 7 -0.445944 true 5 
4 9 -0.119172 true 7 
9 6 0.275711 true 8 
1 10 1.895336 true 10 
10 8 -0.032243 true 11 
4 12 
11 
12 
13 
14 
3 12 0.070587 false 16 
12 6 1.564377 true 17 
0 6 -0.022432 true 18 
3 13 -0.027220 true 19 
13 11 0.311628 true 20 
13 12 0.504929 true 21 
3 14 1.111665 true 22 
14 12 -0.349925 true 23 
3 6 1.740073 false 12 
3 11 1.214474 false 13 
11 6 -0.121271 true 14 
0 5 0.565297 true 15 
4 11 
16 
17 
18 
15 
17 5 -0.107521 true 32 
2 16 -0.066134 true 33 
1 18 0.567347 true 34 
18 15 -2.138333 true 35 
1 5 -0.589458 false 24 
1 15 -1.321522 false 25 
15 5 -0.906709 true 26 
3 15 -0.050294 true 27 
1 16 -0.064620 true 28 
16 5 -0.342493 false 29 
16 17 -1.662992 true 31 
4 11 
19 
20 
21 
22 
0 5 -0.143709 false 36 
0 19 1.389503 true 37 
19 5 -1.146717 false 38 
2 5 -0.060106 true 39 
0 20 1.359643 true 40 
20 5 0.305824 true 41 
2 20 -0.142938 true 42 
19 21 2.473840 true 43 
21 5 -0.986136 true 44 
19 22 -0.110620 true 46 
22 5 1.265058 true 47 
4 11 
23 
24 
25 
26 
4 6 0.172938 false 48 
4 23 0.003712 true 49 
23 6 0.024393 false 50 
0 5 -0.980756 true 51 
23 24 -0.659724 false 52 
24 6 0.008013 false 53 
24 5 0.082720 true 54 
23 25 -0.317695 true 55 
25 24 -0.360770 true 56 
24 26 -1.448477 true 58 
26 6 -0.045277 true 59 
4 10 
27 
28 
29 
30 
3 28 -0.307769 false 64 
28 27 -0.153356 true 65 
3 29 1.547651 true 67 
29 28 -0.027708 true 68 
4 6 1.125839 true 69 
27 30 1.565157 true 70 
30 6 -1.448190 true 71 
3 6 0.677554 false 60 
3 27 -0.341446 false 61 
27 6 1.026051 false 62 
4 10 
32 
33 
34 
31 
33 31 0.141137 true 80 
0 34 0.632447 true 82 
34 6 1.455956 true 83 
1 6 0.940447 false 72 
1 31 -0.405433 false 73 
31 6 1.703556 true 74 
0 6 -0.147170 false 75 
0 32 0.879836 true 76 
32 6 -3.779055 true 77 
1 33 -0.435599 true 79 
4 12 
35 
36 
37 
38 
0 5 1.400562 false 84 
0 35 0.951882 true 85 
35 5 -1.167485 false 86 
1 6 0.034038 true 87 
0 36 1.101758 true 88 
36 5 -0.577523 false 89 
3 36 -0.026651 true 90 
35 37 0.184891 true 91 
37 5 -0.403462 true 92 
36 37 0.076942 true 93 
36 38 -1.191787 true 94 
38 5 0.831015 true 95 
4 11 
39 
40 
41 
42 
3 5 -0.055983 false 96 
3 39 0.437854 true 97 
39 5 -0.004393 false 98 
3 6 1.984249 true 99 
3 40 -0.907298 true 100 
40 5 0.123847 false 101 
40 39 -0.069909 true 102 
39 41 -0.043659 true 103 
41 5 0.000071 true 104 
40 42 -0.137552 true 106 
42 5 0.065560 true 107 
4 10 
43 
44 
45 
46 
43 44 1.706368 true 112 
44 6 0.015755 false 113 
44 45 0.538861 true 115 
45 6 0.011611 true 116 
0 46 0.104195 true 118 
46 6 -1.294729 true 119 
0 6 -0.464238 false 108 
0 43 -0.513353 true 109 
43 6 -0.009471 false 110 
43 5 -0.950853 true 111 
4 12 
48 
49 
50 
47 
49 47 -0.003443 true 128 
49 48 -0.206773 true 129 
47 50 -0.883211 true 130 
50 48 0.132052 true 131 
3 5 -0.030400 false 120 
3 47 0.181215 false 121 
47 5 -0.807237 false 122 
1 47 1.150721 true 123 
47 48 1.089263 false 124 
48 5 0.663017 true 125 
0 47 -0.053238 true 126 
3 49 0.253120 true 127 
4 12 
51 
52 
53 
54 
4 5 0.001080 false 132 
4 51 0.046877 true 133 
51 5 -0.736584 true 134 
3 5 0.529470 false 135 
4 52 -2.546516 true 136 
52 5 -6.131745 true 137 
2 51 -0.212138 true 138 
4 53 -0.249997 true 139 
53 5 -0.292695 true 140 
3 6 -0.862290 true 141 
3 54 1.157641 true 142 
54 5 -0.300021 true 143 
4 11 
55 
56 
57 
58 
4 5 0.007515 false 144 
4 55 -0.157727 true 145 
55 5 -0.655011 true 146 
0 55 -0.018585 false 147 
4 56 -2.138009 true 148 
56 5 0.093740 true 149 
0 57 -0.239586 false 151 
57 55 3.690168 true 152 
1 56 -0.925603 true 153 
0 58 -0.646887 true 154 
58 57 -0.041153 true 155 
4 11 
59 
60 
61 
62 
1 60 0.516349 true 160 
60 6 0.595160 true 161 
1 61 0.730510 false 163 
61 5 -0.014754 true 164 
2 5 -0.014673 true 165 
1 62 0.697176 true 166 
62 61 -0.696290 true 167 
1 6 -0.770305 false 156 
1 59 0.957513 true 157 
59 6 0.099265 true 158 
1 5 0.020615 false 159 
4 11 
64 
65 
66 
63 
65 63 0.145154 true 176 
3 64 -1.303173 true 177 
64 66 1.645246 true 178 
66 6 0.006296 true 179 
4 6 -0.017342 false 168 
4 63 -0.061906 false 169 
63 6 0.014864 true 170 
2 6 2.811871 true 171 
4 64 -0.320159 true 172 
64 6 -0.024423 false 173 
4 65 0.543468 true 175 
4 11 
67 
68 
69 
70 
3 5 -0.077277 false 180 
3 67 0.452977 true 181 
67 5 0.393285 true 182 
3 6 -1.002617 false 183 
3 68 1.054021 true 184 
68 6 1.157121 false 185 
68 69 1.142621 true 187 
69 6 -1.829614 true 188 
68 67 1.804836 true 189 
3 70 1.335341 true 190 
70 5 -0.055904 true 191 
4 12 
71 
72 
73 
74 
1 5 -0.280461 false 192 
1 71 -0.368731 true 193 
71 5 0.142749 false 194 
2 6 -0.374284 true 195 
71 72 0.026779 true 196 
72 5 4.264140 true 197 
2 71 0.213260 true 198 
1 73 2.917974 false 199 
73 5 -2.091045 true 200 
0 6 -0.820486 true 201 
1 74 -1.267720 true 202 
74 73 1.044680 true 203 
4 12 
75 
76 
77 
78 
75 76 -0.017013 true 208 
76 5 -0.319325 true 209 
0 76 -0.500894 true 210 
75 77 -1.396512 true 211 
77 5 -0.262829 true 212 
4 75 -0.123810 true 213 
2 78 1.186405 true 214 
78 5 -0.181518 true 215 
2 5 2.494669 false 204 
2 75 -1.350633 true 205 
75 5 -0.647782 false 206 
0 6 0.004200 true 207 
4 12 
80 
81 
82 
79 
81 6 0.122798 false 224 
79 5 -0.313076 true 225 
81 82 -0.198254 true 226 
82 6 1.607441 true 227 
4 6 0.038167 false 216 
4 79 0.229834 true 217 
79 6 0.285608 false 218 
0 5 -0.162113 true 219 
79 80 -0.684954 true 220 
80 6 0.121050 true 221 
80 5 -0.017871 true 222 
4 81 -0.974365 true 223 
4 11 
83 
84 
85 
86 
1 6 -0.716994 false 228 
1 83 0.279528 false 229 
83 6 0.237843 true 230 
0 6 -1.435081 true 231 
1 84 0.314584 false 232 
84 83 0.537642 false 233 
84 85 1.698009 true 235 
85 83 0.008174 true 236 
4 85 0.032123 true 237 
1 86 1.449286 true 238 
86 84 0.355027 true 239 
4 12 
87 
88 
89 
90 
2 5 -0.294871 false 240 
2 87 -0.138034 true 241 
87 5 1.391416 false 242 
3 5 0.717844 false 243 
3 88 -0.267151 true 244 
88 5 2.788031 true 245 
3 6 -0.554802 false 246 
3 89 -0.768925 true 247 
89 6 -0.308681 true 248 
88 89 0.013130 true 249 
87 90 1.075379 true 250 
90 5 -2.438264 true 251 
4 11 
91 
92 
93 
94 
1 92 0.692442 true 256 
92 91 1.166753 true 257 
0 5 2.267436 false 258 
1 93 -0.018297 true 259 
93 6 -1.026138 true 260 
2 92 0.497466 true 261 
0 94 1.724450 true 262 
94 5 -0.925343 true 263 
1 6 0.368204 false 252 
1 91 -1.395331 false 253 
91 6 0.138275 true 254 
4 12 
96 
97 
98 
95 
97 5 -0.062773 true 272 
0 5 1.373379 true 273 
4 98 -0.334052 true 274 
98 5 -0.033602 true 275 
4 5 0.237206 false 264 
4 95 1.599383 false 265 
95 5 2.543606 false 266 
2 6 0.064383 true 267 
4 96 -3.389477 true 268 
96 95 0.058753 true 269 
0 96 0.316919 true 270 
95 97 0.400181 true 271 
4 12 
99 
100 
101 
102 
3 6 0.738088 false 276 
3 99 1.559072 true 277 
99 6 0.184740 true 278 
4 5 0.149435 true 279 
3 100 -0.195466 true 280 
100 6 1.970329 true 281 
99 100 0.156236 false 282 
99 101 0.167737 true 283 
101 100 2.014146 true 284 
99 5 1.092306 true 285 
3 102 0.462950 true 286 
102 6 0.402709 true 287 
4 10 
103 
104 
105 
106 
4 5 -0.986911 false 288 
4 103 -0.108616 true 289 
103 5 0.217616 true 290 
4 6 0.634206 true 291 
4 104 2.330821 false 292 
104 5 0.304115 false 293 
4 105 -3.350596 true 295 
105 104 -0.066753 true 296 
104 106 1.658246 true 298 
106 5 -0.541703 true 299 
4 12 
107 
108 
109 
110 
1 108 -1.506069 false 304 
108 107 -1.093928 true 305 
108 6 -0.518791 true 306 
1 109 0.173226 true 307 
109 108 -1.942939 false 308 
2 107 -0.868757 true 309 
109 110 0.835432 true 310 
110 108 -2.648124 true 311 
1 6 0.254208 false 300 
1 107 -0.027731 false 301 
107 6 0.194961 true 302 
3 6 -0.505729 true 303 
4 12 
112 
113 
114 
111 
113 111 0.537563 true 320 
4 6 -0.214781 true 321 
111 114 0.747671 true 322 
114 5 -0.048631 true 323 
3 5 2.277333 false 312 
3 111 -3.126060 false 313 
111 5 -0.326323 false 314 
111 6 0.637017 false 315 
111 112 -0.134023 true 316 
112 6 -0.970758 true 317 
0 112 -0.511252 true 318 
3 113 -0.482147 true 319 
4 12 
115 
116 
117 
118 
3 6 -0.060297 false 324 
3 115 -0.015115 true 325 
115 6 -0.176530 true 326 
1 115 0.659858 false 327 
1 116 -0.629801 true 328 
116 115 1.202953 true 329 
0 5 0.920787 false 330 
0 117 0.068693 true 331 
117 5 -0.159400 true 332 
117 6 1.101156 true 333 
1 118 0.207059 true 334 
118 115 -2.127790 true 335 
4 12 
119 
120 
121 
122 
4 5 -2.534967 false 336 
4 119 0.051353 true 337 
119 5 -0.001783 true 338 
3 5 -0.628342 true 339 
4 120 0.386658 true 340 
120 5 0.000705 false 341 
1 120 -1.213834 true 342 
120 121 1.481637 true 343 
121 5 1.459898 true 344 
121 6 -0.176312 false 345 
121 122 0.669311 true 346 
122 6 -0.491393 true 347 
4 10 
123 
124 
125 
126 
123 124 -1.481422 true 352 
124 5 -0.009608 false 353 
4 123 0.655658 true 354 
123 125 0.342004 true 355 
125 5 -0.906938 true 356 
124 126 -1.512811 true 358 
126 5 0.022463 true 359 
0 5 0.104922 false 348 
0 123 1.840277 true 349 
123 5 0.177638 false 350 
4 11 
128 
129 
130 
127 
129 5 -0.144586 false 368 
3 6 0.995023 true 369 
129 130 1.119905 true 370 
130 5 -0.023172 true 371 
1 5 -0.000502 false 360 
1 127 1.637381 true 361 
127 5 -0.107705 false 362 
4 5 0.447021 false 363 
4 128 0.440745 true 364 
128 5 -0.295034 true 365 
127 129 -1.155233 true 367 
4 11 
131 
132 
133 
134 
3 6 3.904853 false 372 
3 131 0.254010 false 373 
131 6 0.950643 true 374 
4 5 -1.178631 true 375 
3 132 -1.054511 false 376 
132 131 0.254702 false 377 
132 133 0.232656 true 379 
133 131 -1.332337 true 380 
0 131 -0.139374 true 381 
3 134 1.588704 true 382 
134 132 -1.609899 true 383 
4 12 
135 
136 
137 
138 
3 5 0.009855 false 384 
3 135 -1.307439 true 385 
135 5 0.166144 false 386 
1 5 -1.046568 true 387 
135 136 -0.946794 true 388 
136 5 0.134081 false 389 
4 5 -0.580522 true 390 
136 137 -0.930963 true 391 
137 5 1.263681 true 392 
136 6 -1.255420 false 393 
136 138 0.243831 true 394 
138 6 -0.839989 true 395 
4 12 
139 
140 
141 
142 
139 140 -2.170548 true 400 
140 6 0.066880 true 401 
3 139 -0.313376 true 402 
0 141 -1.952527 true 403 
141 139 -0.429769 true 404 
1 6 0.332651 true 405 
0 142 -0.966441 true 406 
142 139 0.690420 true 407 
0 6 -0.284325 false 396 
0 139 0.255727 false 397 
139 6 -2.067724 false 398 
3 6 -0.122900 true 399 
4 10 
144 
145 
146 
143 
145 143 -2.095061 true 416 
3 146 1.620657 true 418 
146 143 -0.309589 true 419 
3 5 0.537745 false 408 
3 143 -0.025570 false 409 
143 5 -0.674258 true 410 
0 143 -0.206943 false 411 
3 144 -1.343424 true 412 
144 5 0.187666 true 413 
0 145 -0.005098 true 415 
4 11 
147 
148 
149 
150 
0 6 1.189418 false 420 
0 147 2.454784 false 421 
147 6 -0.369705 false 422 
3 6 0.791259 true 423 
147 148 1.047428 true 424 
148 6 1.277741 true 425 
0 149 0.794629 true 427 
149 6 0.001280 true 428 
147 149 -0.822471 true 429 
0 150 -0.510024 true 430 
150 147 3.458793 true 431 
4 11 
151 
152 
153 
154 
4 6 0.304378 false 432 
4 151 -0.539895 false 433 
151 6 -0.215184 true 434 
1 151 0.356862 false 435 
1 152 -0.110279 true 436 
152 151 0.148307 false 437 
151 5 -0.011005 true 438 
152 153 -0.748086 true 439 
153 151 0.254189 true 440 
4 154 -1.326288 true 442 
154 151 -1.270425 true 443 
4 11 
155 
156 
157 
158 
155 156 1.930843 true 448 
156 6 0.689628 true 449 
0 6 -0.885047 true 450 
3 157 -0.565463 true 451 
157 6 -0.087267 false 452 
1 5 1.002012 true 453 
157 158 -1.286196 true 454 
158 6 0.010678 true 455 
3 6 0.011082 false 444 
3 155 0.193457 true 445 
155 6 -0.081852 false 446 
4 11 
160 
161 
162 
159 
161 5 1.773520 true 464 
2 159 -0.003508 true 465 
159 162 1.125270 true 466 
162 5 1.959320 true 467 
4 5 -0.430645 false 456 
4 159 0.547363 true 457 
159 5 -0.758748 false 458 
4 160 -0.553699 true 460 
160 5 0.081315 true 461 
3 5 0.046977 true 462 
4 161 2.000981 true 463 
4 12 
163 
164 
165 
166 
1 5 -0.010837 false 468 
1 163 0.014999 true 469 
163 5 -0.000237 true 470 
4 5 0.422385 false 471 
4 164 1.504343 true 472 
164 5 -0.124742 false 473 
3 163 -0.837928 false 474 
3 165 0.912760 true 475 
165 163 -0.739696 true 476 
164 163 0.731886 true 477 
164 166 -0.881767 true 478 
166 5 -0.055469 true 479 
4 12 
167 
168 
169 
170 
1 6 0.007811 false 480 
1 167 -0.631628 true 481 
167 6 -0.080146 false 482 
0 167 -0.071789 true 483 
167 168 -0.161932 true 484 
168 6 -0.144214 true 485 
0 6 0.054690 false 486 
1 169 -1.516799 true 487 
169 6 -0.034069 true 488 
3 168 0.569209 true 489 
0 170 0.316628 true 490 
170 6 0.052982 true 491 
4 11 
171 
172 
173 
174 
171 172 1.847181 true 496 
172 5 1.438979 true 497 
171 173 1.174356 true 499 
173 5 -0.098634 true 500 
4 6 -0.869687 true 501 
0 174 1.294177 true 502 
174 5 0.811616 true 503 
0 5 -0.021447 false 492 
0 171 -0.006303 true 493 
171 5 1.679848 false 494 
171 6 -0.061274 true 495 
4 12 
176 
177 
178 
175 
177 6 0.328016 true 512 
1 6 0.545724 true 513 
2 178 -0.553161 true 514 
178 175 2.141111 true 515 
3 6 -0.303473 false 504 
3 175 -1.837834 true 505 
175 6 -1.905612 false 506 
2 175 0.338712 false 507 
175 176 -0.971331 true 508 
176 6 -0.512959 true 509 
4 6 -0.412503 false 510 
4 177 -1.791852 true 511 
4 12 
179 
180 
181 
182 
2 6 -0.123189 false 516 
2 179 -0.128759 false 517 
179 6 0.935447 false 518 
2 5 -4.635331 true 519 
2 180 0.084365 true 520 
180 179 -0.135832 true 521 
180 5 -1.945106 true 522 
2 181 1.231958 true 523 
181 6 -0.124702 true 524 
3 179 0.235195 true 525 
179 182 -0.352629 true 526 
182 6 -0.046279 true 527 
4 12 
183 
184 
185 
186 
0 6 0.053016 false 528 
0 183 -0.009785 true 529 
183 6 0.026421 true 530 
2 6 -0.805802 false 531 
2 184 2.733128 true 532 
184 6 1.209957 true 533 
2 5 -0.882879 false 534 
2 185 0.712150 true 535 
185 5 -0.610700 false 536 
185 183 1.540028 true 537 
185 186 -0.440792 true 538 
186 5 1.594993 true 539 
4 12 
187 
188 
189 
190 
2 188 1.301284 true 544 
188 187 -0.454227 true 545 
1 5 0.275197 true 546 
2 189 -0.093579 true 547 
189 6 1.661180 true 548 
0 189 1.465975 true 549 
2 190 0.870238 true 550 
190 5 -0.194222 true 551 
2 6 -0.321911 false 540 
2 187 -0.718523 false 541 
187 6 0.108014 true 542 
2 5 -0.591313 false 543 
4 11 
192 
193 
194 
191 
193 5 0.026812 true 560 
0 5 0.034274 false 561 
0 194 0.565896 true 562 
194 5 -0.025145 true 563 
3 5 0.109479 false 552 
3 191 -0.261137 true 553 
191 5 0.033538 true 554 
1 5 -0.002844 false 555 
1 192 0.342810 true 556 
192 5 0.004794 true 557 
3 193 0.674702 true 559 
4 11 
195 
196 
197 
198 
3 5 -0.020785 false 564 
3 195 1.979666 true 565 
195 5 -0.007441 true 566 
3 196 0.179824 true 568 
196 5 1.287979 false 569 
1 196 1.701728 true 570 
196 197 -0.433377 true 571 
197 5 0.830030 false 572 
0 6 0.021993 true 573 
197 198 1.364852 true 574 
198 5 0.882873 true 575 
4 11 
199 
200 
201 
202 
1 5 0.025838 false 576 
1 199 0.149352 true 577 
199 5 -0.081685 false 578 
3 6 0.989488 true 579 
199 200 4.454349 true 580 
200 5 0.340766 true 581 
3 5 -0.100488 false 582 
3 201 0.415545 true 583 
201 5 0.614504 true 584 
1 202 -0.297150 true 586 
202 5 1.586726 true 587 
4 10 
203 
204 
205 
206 
203 204 1.841283 true 592 
204 6 -1.487880 true 593 
4 205 -1.442010 true 595 
205 6 0.847776 true 596 
4 206 -0.622380 true 598 
206 203 2.735469 true 599 
4 6 0.538644 false 588 
4 203 0.077299 false 589 
203 6 -0.236592 false 590 
3 6 1.279027 true 591 
4 12 
208 
209 
210 
207 
209 5 -0.393207 true 608 
4 5 -0.910144 true 609 
0 210 -0.108882 true 610 
210 6 -0.080589 true 611 
0 6 -0.157262 false 600 
0 207 -1.853516 true 601 
207 6 -0.481847 false 602 
207 5 0.164841 false 603 
207 208 -5.049263 true 604 
208 6 -2.956982 true 605 
208 5 -0.938122 true 606 
207 209 -0.137080 true 607 
4 12 
211 
212 
213 
214 
1 6 -0.269290 false 612 
1 211 0.263514 true 613 
211 6 0.519912 false 614 
0 211 -0.606123 true 615 
1 212 -3.049209 false 616 
212 6 -0.033005 true 617 
4 211 0.036742 true 618 
1 213 0.137717 true 619 
213 212 -0.350238 true 620 
3 211 0.293780 true 621 
211 214 -0.418761 true 622 
214 6 1.079063 true 623 
4 12 
215 
216 
217 
218 
1 5 -0.922552 false 624 
1 215 1.291643 false 625 
215 5 -0.173895 true 626 
0 215 -0.055904 true 627 
1 216 -0.357397 false 628 
216 215 0.009155 true 629 
3 216 -0.619569 true 630 
1 217 -0.232404 true 631 
217 216 2.492925 false 632 
3 217 0.318419 true 633 
217 218 1.373844 true 634 
218 216 1.187607 true 635 
4 12 
219 
220 
221 
222 
2 220 -1.465454 true 640 
220 219 -0.155344 true 641 
0 5 -1.223600 true 642 
2 221 -0.209809 false 643 
221 219 -1.944395 true 644 
220 5 -1.285936 true 645 
2 222 1.629315 true 646 
222 221 0.098699 true 647 
2 6 1.193951 false 636 
2 219 -0.006482 false 637 
219 6 0.764026 true 638 
4 219 0.199700 true 639 
4 12 
224 
225 
226 
223 
225 5 0.381909 true 656 
3 6 -0.424383 true 657 
223 226 -1.795146 true 658 
226 225 -1.653853 true 659 
3 5 0.833945 false 648 
3 223 0.016493 true 649 
223 5 0.247981 false 650 
1 223 0.603374 true 651 
223 224 0.761090 true 652 
224 5 -0.718853 true 653 
2 6 -0.008794 true 654 
223 225 0.094501 false 655 
4 12 
227 
228 
229 
230 
3 6 0.543580 false 660 
3 227 0.036661 true 661 
227 6 0.931336 false 662 
0 5 0.058382 true 663 
227 228 1.832326 true 664 
228 6 2.369979 true 665 
1 6 -1.801063 false 666 
3 229 0.623526 true 667 
229 6 0.287733 true 668 
1 227 -0.044792 true 669 
1 230 1.509375 true 670 
230 6 0.095426 true 671 
4 11 
231 
232 
233 
234 
4 5 -0.822076 false 672 
4 231 -1.112258 true 673 
231 5 -0.460703 true 674 
3 6 -0.156843 true 675 
4 232 -1.969333 true 676 
232 5 0.170827 false 677 
232 233 -1.235231 true 679 
233 5 -0.138603 false 680 
1 232 -1.564432 true 681 
233 234 -1.801545 true 682 
234 5 0.215624 true 683 
4 10 
235 
236 
237 
238 
0 236 -0.184544 true 688 
236 6 -0.738168 false 689 
0 237 -1.165789 true 691 
237 6 0.502433 true 692 
1 6 -0.684753 true 693 
236 238 -1.108167 true 694 
238 6 2.363251 true 695 
0 6 -0.077415 false 684 
0 235 3.905329 true 685 
235 6 0.022631 true 686 
4 12 
240 
241 
242 
239 
241 6 -0.135385 true 704 
241 240 -0.126221 true 705 
4 242 -0.848036 true 706 
242 239 -0.510797 true 707 
4 6 0.887283 false 696 
4 239 0.411426 false 697 
239 6 0.110138 false 698 
1 6 0.278599 true 699 
239 240 1.087268 true 700 
240 6 -0.047553 true 701 
1 239 1.188452 true 702 
239 241 -0.851897 true 703 
4 12 
243 
244 
245 
246 
2 6 0.111241 false 708 
2 243 -0.257567 false 709 
243 6 0.029291 true 710 
4 5 0.761206 false 711 
4 244 0.928312 true 712 
244 5 -0.000125 true 713 
3 243 -0.626634 false 714 
2 245 -0.563526 true 715 
245 243 -0.196562 true 716 
2 5 0.136263 true 717 
3 246 -1.118249 true 718 
246 243 0.342039 true 719 
4 12 
247 
248 
249 
250 
0 5 0.042753 false 720 
0 247 0.011015 true 721 
247 5 0.000150 true 722 
247 6 0.021615 false 723 
247 248 0.524428 true 724 
248 6 0.110143 false 725 
4 248 1.438271 true 726 
248 249 -2.232810 true 727 
249 6 0.002992 false 728 
0 249 0.040961 true 729 
249 250 -0.641531 true 730 
250 6 -0.005976 true 731 
4 11 
251 
252 
253 
254 
4 252 0.104893 true 736 
252 5 -0.019128 true 737 
251 252 -0.689035 false 738 
251 253 0.990947 true 739 
253 252 -0.343530 true 740 
251 6 0.566901 true 741 
251 254 1.044197 true 742 
254 252 0.008412 true 743 
4 5 0.135019 false 732 
4 251 0.357786 true 733 
251 5 1.008191 true 734 
4 11 
256 
257 
258 
255 
257 6 -0.013542 true 752 
4 256 -0.341713 true 753 
2 258 -0.610735 true 754 
258 6 -0.004022 true 755 
2 6 -0.000966 false 744 
2 255 0.144402 false 745 
255 6 -0.577683 true 746 
4 5 -0.053275 true 747 
2 256 1.266441 true 748 
256 255 0.425942 true 749 
2 257 1.409797 true 751 
4 12 
259 
260 
261 
262 
4 6 -0.469023 false 756 
4 259 0.490419 false 757 
259 6 -0.154445 true 758 
1 5 0.228408 true 759 
4 260 2.441520 true 760 
260 259 -1.733833 false 761 
0 260 -0.832425 false 762 
260 261 1.946751 true 763 
261 259 -0.682958 true 764 
3 5 0.139788 true 765 
0 262 1.031131 true 766 
262 260 -0.655414 true 767 
4 11 
263 
264 
265 
266 
3 6 0.018434 false 768 
3 263 0.260480 false 769 
263 6 -0.452671 false 770 
0 6 -0.920774 true 771 
263 264 -0.127249 true 772 
264 6 0.656681 false 773 
1 263 -0.082316 true 774 
264 265 -0.547105 true 775 
265 6 0.042625 true 776 
3 266 -1.515173 true 778 
266 263 0.667045 true 779 
4 11 
267 
268 
269 
270 
1 268 -0.139634 true 784 
268 267 2.453329 true 785 
267 269 -0.344165 true 787 
269 5 0.126436 true 788 
0 269 0.461063 true 789 
1 270 1.228417 true 790 
270 6 -0.438954 true 791 
1 5 -0.002850 false 780 
1 267 -2.721101 false 781 
267 5 -0.763311 false 782 
1 6 0.024723 false 783 
4 11 
272 
273 
274 
271 
273 6 2.876675 true 800 
2 5 -0.756259 true 801 
3 274 -1.220422 true 802 
274 272 0.001900 true 803 
0 6 -0.117301 false 792 
0 271 0.384463 true 793 
271 6 0.248991 true 794 
3 6 0.036986 false 795 
3 272 -0.063246 false 796 
272 6 0.006288 false 797 
272 273 2.093416 true 799 
4 11 
275 
276 
277 
278 
4 5 0.011034 false 804 
4 275 -1.278067 true 805 
275 5 -0.432947 true 806 
0 275 -0.006574 false 807 
0 276 2.357514 true 808 
276 275 -0.387434 true 809 
275 6 -1.770541 true 810 
0 277 -0.297038 true 811 
277 275 0.036644 true 812 
4 278 1.646158 true 814 
278 5 -0.011761 true 815 
4 10 
279 
280 
281 
282 
2 5 -0.237280 false 816 
2 279 0.816616 false 817 
279 5 0.137299 false 818 
279 280 1.051433 true 820 
280 5 -0.000325 true 821 
2 281 -2.578411 true 823 
281 279 1.473313 true 824 
280 6 -1.347481 true 825 
2 282 -0.043354 true 826 
282 279 1.901528 true 827 
4 12 
283 
284 
285 
286 
4 284 -0.024385 true 832 
284 283 0.195105 false 833 
0 6 0.262933 true 834 
284 285 -1.877001 true 835 
285 283 -0.081201 true 836 
0 283 0.119647 true 837 
1 286 -1.050631 true 838 
286 283 0.241930 true 839 
4 6 -0.124633 false 828 
4 283 -0.143709 false 829 
283 6 -2.373749 true 830 
1 283 -1.737798 false 831 
4 11 
288 
289 
290 
287 
289 5 -0.553766 true 848 
289 287 -0.704894 true 849 
1 290 -0.582472 true 850 
290 289 -0.067034 true 851 
1 5 0.019815 false 840 
1 287 0.022476 true 841 
287 5 0.186384 false 842 
0 6 -0.367107 true 843 
287 288 0.137759 true 844 
288 5 0.716310 true 845 
1 289 0.678037 false 847 
4 12 
291 
292 
293 
294 
1 5 0.002613 false 852 
1 291 -0.840361 true 853 
291 5 -0.159000 false 854 
1 6 1.207359 true 855 
291 292 0.002486 true 856 
292 5 -0.341751 false 857 
4 6 0.120936 true 858 
291 293 -1.717438 true 859 
293 5 0.023493 true 860 
2 5 -0.523148 true 861 
292 294 -1.582129 true 862 
294 5 -0.117688 true 863 
4 11 
295 
296 
297 
298 
1 6 -0.515907 false 864 
1 295 -5.347380 false 865 
295 6 3.992246 true 866 
3 295 0.000062 true 867 
1 296 -0.363679 false 868 
296 295 -1.458067 true 869 
0 6 1.058334 true 870 
1 297 -1.184331 true 871 
297 296 0.188581 true 872 
1 298 1.454996 true 874 
298 295 1.236974 true 875 
4 10 
299 
300 
301 
302 
3 300 -0.000246 true 880 
300 5 0.032719 true 881 
3 301 -0.352409 false 883 
301 5 0.679453 true 884 
3 302 1.649788 true 886 
302 301 0.513660 true 887 
0 5 -0.088556 false 876 
0 299 -0.283637 true 877 
299 5 0.166280 true 878 
3 5 1.683438 false 879 
4 12 
304 
305 
306 
303 
305 304 -0.935839 true 896 
2 303 -0.459450 true 897 
303 306 1.500303 true 898 
306 304 0.191848 true 899 
3 5 0.895956 false 888 
3 303 0.124538 true 889 
303 5 1.106505 false 890 
1 6 -0.102924 true 891 
303 304 -0.161417 false 892 
304 5 -0.459886 true 893 
303 6 0.002630 true 894 
303 305 3.318408 true 895 
4 12 
307 
308 
309 
310 
2 6 0.012396 false 900 
2 307 0.029122 true 901 
307 6 1.500111 true 902 
4 307 -0.006023 true 903 
2 308 0.879327 true 904 
308 6 3.351770 true 905 
3 5 0.054944 true 906 
2 309 -0.060194 true 907 
309 6 -0.485682 false 908 
3 6 0.069898 true 909 
309 310 -0.455833 true 910 
310 6 -0.424127 true 911 
4 11 
311 
312 
313 
314 
4 6 -0.031557 false 912 
4 311 1.162279 false 913 
311 6 0.264723 true 914 
4 312 -2.440475 true 916 
312 311 -0.160366 false 917 
1 5 -0.016489 true 918 
312 313 3.055685 true 919 
313 311 2.852515 true 920 
3 312 -0.268470 true 921 
312 314 -1.912587 true 922 
314 311 0.492473 true 923 
4 11 
315 
316 
317 
318 
315 316 0.090374 true 928 
316 5 -1.511093 true 929 
2 316 0.030855 true 930 
4 317 -0.119487 true 931 
317 5 0.036375 true 932 
0 316 0.332225 true 933 
4 318 -0.208246 true 934 
318 315 3.562135 true 935 
4 5 0.061652 false 924 
4 315 -4.033730 false 925 
315 5 -0.008458 false 926 
4 12 
320 
321 
322 
319 
321 319 0.576745 true 944 
2 5 0.142148 true 945 
1 322 1.117429 true 946 
322 321 -0.187036 true 947 
2 6 -0.582992 false 936 
2 319 2.094421 false 937 
319 6 -0.772697 true 938 
1 319 -0.094406 false 939 
2 320 -0.101358 true 940 
320 319 -0.315135 true 941 
3 6 0.246547 true 942 
1 321 -0.681763 false 943 
4 12 
323 
324 
325 
326 
2 5 0.352021 false 948 
2 323 1.418246 false 949 
323 5 -0.001245 false 950 
0 6 0.732632 true 951 
323 324 -0.861341 true 952 
324 5 -0.002400 true 953 
4 324 0.104958 false 954 
4 325 -0.665757 true 955 
325 324 0.187077 true 956 
3 5 1.059057 true 957 
2 326 -1.245741 true 958 
326 323 -0.591832 true 959 
4 12 
327 
328 
329 
330 
4 6 0.321525 false 960 
4 327 1.179012 false 961 
327 6 0.010939 false 962 
2 5 -0.529567 true 963 
4 328 -0.082046 true 964 
328 327 -1.458854 true 965 
3 327 0.105661 true 966 
327 329 1.889523 true 967 
329 6 0.645671 true 968 
3 6 -0.283777 false 969 
3 330 -1.773568 true 970 
330 6 0.022569 true 971 
4 12 
331 
332 
333 
334 
331 332 0.010003 false 976 
332 6 -0.440341 true 977 
332 5 -0.118480 true 978 
331 333 0.100081 true 979 
333 332 -2.846392 true 980 
0 333 0.254332 true 981 
2 334 1.242577 true 982 
334 331 2.663735 true 983 
2 6 0.172851 false 972 
2 331 1.120361 false 973 
331 6 0.055675 false 974 
2 5 -1.231243 true 975 
4 11 
336 
337 
338 
335 
337 335 0.635738 true 992 
1 6 0.377462 true 993 
4 338 0.730438 true 994 
338 337 0.049743 true 995 
4 5 -0.626723 false 984 
4 335 0.041811 false 985 
335 5 -0.115821 true 986 
4 336 -0.477559 true 988 
336 5 -0.145389 true 989 
1 5 -0.052304 true 990 
4 337 -0.034335 false 991 
4 12 
339 
340 
341 
342 
2 5 -0.604780 false 996 
2 339 1.723626 true 997 
339 5 0.592203 false 998 
3 339 0.442227 true 999 
339 340 1.825212 true 1000 
340 5 2.968144 true 1001 
340 6 0.001433 false 1002 
340 341 1.794422 true 1003 
341 6 -0.138008 false 1004 
3 340 0.427255 true 1005 
341 342 -1.263245 true 1006 
342 6 1.572917 true 1007 
4 12 
343 
344 
345 
346 
3 6 0.116479 false 1008 
3 343 -0.824023 false 1009 
343 6 0.002713 true 1010 
0 343 -0.556983 true 1011 
3 344 0.974234 false 1012 
344 343 1.573417 true 1013 
2 343 0.281724 true 1014 
3 345 -1.921150 true 1015 
345 344 0.051918 true 1016 
1 344 -0.099171 true 1017 
3 346 -0.685668 true 1018 
346 6 0.013979 true 1019 
4 12 
347 
348 
349 
350 
4 348 -0.003614 true 1024 
348 6 0.041124 true 1025 
1 5 -0.331587 true 1026 
4 349 -2.039795 false 1027 
349 347 1.123652 true 1028 
347 5 0.666664 true 1029 
4 350 1.095319 true 1030 
350 349 -0.053859 true 1031 
4 6 0.004647 false 1020 
4 347 2.004683 false 1021 
347 6 -0.000130 true 1022 
4 5 -0.029924 true 1023 
4 12 
352 
353 
354 
351 
353 6 -0.049024 true 1040 
4 353 0.136508 true 1041 
3 354 -0.150826 true 1042 
354 6 0.200463 true 1043 
2 6 0.054030 false 1032 
2 351 -0.149604 true 1033 
351 6 0.573553 true 1034 
3 6 0.309444 false 1035 
3 352 -2.130394 true 1036 
352 6 -0.269307 false 1037 
1 6 0.511047 true 1038 
352 353 -0.471887 true 1039 
4 11 
355 
356 
357 
358 
3 5 0.021584 false 1044 
3 355 -0.091902 false 1045 
355 5 -6.813970 false 1046 
2 355 0.094243 true 1047 
3 356 0.445437 true 1048 
356 355 -0.074998 true 1049 
2 6 0.536282 true 1050 
3 357 1.966512 true 1051 
357 5 1.122884 true 1052 
355 358 0.410908 true 1054 
358 5 0.162432 true 1055 
4 12 
359 
360 
361 
362 
3 5 0.278103 false 1056 
3 359 -1.598403 true 1057 
359 5 -0.045061 false 1058 
2 6 -0.008017 true 1059 
359 360 -2.772130 true 1060 
360 5 0.209480 true 1061 
360 6 -1.670329 false 1062 
360 361 0.126298 false 1063 
361 6 -0.237230 true 1064 
359 6 -1.019868 true 1065 
360 362 -0.277227 true 1066 
362 361 0.598908 true 1067 
4 10 
363 
364 
365 
366 
363 364 -0.256514 false 1072 
364 6 2.199828 true 1073 
363 365 1.084134 true 1075 
365 364 -0.000160 true 1076 
363 366 -1.813107 true 1078 
366 6 -1.153376 true 1079 
1 6 -0.102790 false 1068 
1 363 -0.376561 true 1069 
363 6 0.903065 false 1070 
2 363 -1.805125 true 1071 
4 11 
368 
369 
370 
367 
369 6 -2.404068 true 1088 
3 367 0.496925 true 1089 
4 370 0.198896 true 1090 
370 367 0.147071 true 1091 
4 6 -0.094187 false 1080 
4 367 0.161764 false 1081 
367 6 1.395798 true 1082 
4 368 -2.556162 true 1084 
368 6 -0.091053 true 1085 
2 368 -0.005433 true 1086 
4 369 0.345914 true 1087 
4 11 
371 
372 
373 
374 
3 6 1.307763 false 1092 
3 371 -0.148573 true 1093 
371 6 1.977174 true 1094 
2 5 -0.082068 true 1095 
3 372 1.750963 false 1096 
372 6 -2.265440 true 1097 
0 371 -0.142352 true 1098 
3 373 1.384429 false 1099 
373 372 1.116702 true 1100 
3 374 -1.501881 true 1102 
374 373 0.011672 true 1103 
4 11 
375 
376 
377 
378 
1 6 -0.085869 false 1104 
1 375 -0.216170 true 1105 
375 6 0.285715 false 1106 
4 6 -0.054106 true 1107 
375 376 0.588125 true 1108 
376 6 -0.257977 false 1109 
376 377 -1.516001 true 1111 
377 6 2.093842 true 1112 
0 377 -0.170683 true 1113 
376 378 -0.416074 true 1114 
378 6 0.207682 true 1115 
4 11 
379 
380 
381 
382 
379 380 0.027719 true 1120 
380 6 -0.180072 true 1121 
4 5 -1.024363 false 1122 
4 381 0.463900 true 1123 
381 5 -1.064709 true 1124 
1 5 -0.145044 true 1125 
2 382 0.931950 true 1126 
382 379 -0.140530 true 1127 
2 6 1.889569 false 1116 
2 379 -0.333263 false 1117 
379 6 -1.689125 false 1118 
4 11 
384 
385 
386 
383 
385 5 0.089226 true 1136 
384 386 0.044541 true 1138 
386 385 -1.391260 true 1139 
3 5 -2.272583 false 1128 
3 383 -0.692239 true 1129 
383 5 0.557051 false 1130 
1 5 0.524865 true 1131 
383 384 1.022596 true 1132 
384 5 0.672983 false 1133 
1 6 0.151614 true 1134 
384 385 -0.652332 false 1135 
4 9 
387 
388 
389 
390 
0 6 -0.076854 false 1140 
0 387 0.065206 true 1141 
387 6 0.024342 true 1142 
0 388 -5.482766 true 1144 
388 6 1.317959 true 1145 
0 389 -1.787335 true 1147 
389 6 -0.821590 true 1148 
0 390 1.492204 true 1150 
390 6 -0.336928 true 1151 
4 11 
391 
392 
393 
394 
2 5 -0.216092 false 1152 
2 391 -0.830038 true 1153 
391 5 -0.003381 true 1154 
2 392 2.228036 true 1156 
392 5 0.668457 false 1157 
3 392 0.124307 false 1158 
392 393 1.220456 true 1159 
393 5 -0.909766 true 1160 
4 6 0.125802 true 1161 
3 394 -0.010834 true 1162 
394 392 1.648379 true 1163 
4 12 
395 
396 
397 
398 
4 396 -1.340446 true 1168 
396 5 0.002098 true 1169 
1 6 -0.011261 true 1170 
4 397 -0.659578 true 1171 
397 5 -0.131442 true 1172 
2 5 1.555420 true 1173 
3 398 -0.868938 true 1174 
398 6 -0.363659 true 1175 
3 6 -0.389179 false 1164 
3 395 1.096094 true 1165 
395 6 0.220260 true 1166 
4 5 -0.000901 false 1167 
4 12 
400 
401 
402 
399 
401 6 -0.019536 true 1184 
3 401 1.094401 true 1185 
3 402 0.474355 true 1186 
402 5 -1.201121 true 1187 
3 6 -0.019648 false 1176 
3 399 -1.268429 true 1177 
399 6 -0.013479 false 1178 
3 5 0.611451 false 1179 
399 400 1.182258 true 1180 
400 6 -0.374889 true 1181 
4 5 0.884522 true 1182 
399 401 3.011739 true 1183 
4 12 
403 
404 
405 
406 
1 6 1.368661 false 1188 
1 403 0.681253 true 1189 
403 6 -1.659815 false 1190 
4 6 0.319514 true 1191 
403 404 0.406415 false 1192 
404 6 0.043963 true 1193 
4 403 0.596263 true 1194 
403 405 0.325756 true 1195 
405 404 0.359067 true 1196 
0 404 -0.413920 true 1197 
1 406 0.010478 true 1198 
406 6 0.488641 true 1199 
4 12 
407 
408 
409 
410 
3 5 -0.040302 false 1200 
3 407 6.422471 true 1201 
407 5 0.197741 true 1202 
3 6 -0.097192 true 1203 
3 408 -2.000708 false 1204 
408 5 3.443825 true 1205 
4 6 0.647090 true 1206 
3 409 -0.132074 true 1207 
409 408 -0.227754 false 1208 
0 6 1.368363 true 1209 
409 410 1.574769 true 1210 
410 408 2.417759 true 1211 
4 12 
411 
412 
413 
414 
2 412 0.020174 true 1216 
412 5 -0.073325 true 1217 
4 412 -0.006528 false 1218 
4 413 -1.432896 true 1219 
413 412 -0.019764 false 1220 
3 6 -0.267857 true 1221 
413 414 -0.285448 true 1222 
414 412 -0.007933 true 1223 
2 5 0.386972 false 1212 
2 411 -0.938181 true 1213 
411 5 1.373763 true 1214 
1 6 -0.038100 true 1215 
4 10 
416 
417 
418 
415 
417 416 -0.613231 true 1232 
1 418 -0.565895 true 1234 
418 416 0.926719 true 1235 
1 6 0.653702 false 1224 
1 415 0.006680 true 1225 
415 6 0.894629 true 1226 
1 416 1.099979 false 1228 
416 6 -0.026107 true 1229 
415 416 -1.905673 false 1230 
415 417 0.046803 true 1231 
4 10 
419 
420 
421 
422 
3 6 -1.937841 false 1236 
3 419 -1.883960 true 1237 
419 6 9.171481 false 1238 
419 420 -0.642988 true 1240 
420 6 0.006095 true 1241 
419 5 0.462535 false 1242 
419 421 -3.172291 false 1243 
421 5 0.456548 true 1244 
419 422 0.356912 true 1246 
422 421 1.342091 true 1247 
4 11 
423 
424 
425 
426 
1 6 -0.189400 false 1248 
1 423 -1.423154 false 1249 
423 6 0.921644 true 1250 
0 423 1.501424 false 1251 
1 424 -1.292697 true 1252 
424 423 -0.000520 false 1253 
0 425 0.281318 true 1255 
425 423 0.171982 true 1256 
424 5 -0.642404 true 1257 
424 426 -0.769651 true 1258 
426 423 -0.000180 true 1259 
4 12 
427 
428 
429 
430 
427 428 -0.879107 true 1264 
428 5 -0.026554 true 1265 
0 5 0.479205 true 1266 
1 429 2.597725 true 1267 
429 5 0.242387 true 1268 
428 429 0.258592 true 1269 
427 430 -1.498850 true 1270 
430 5 0.012959 true 1271 
1 5 0.002990 false 1260 
1 427 0.360470 true 1261 
427 5 0.043022 false 1262 
4 427 -0.073840 true 1263 
4 12 
432 
433 
434 
431 
433 431 2.546600 true 1280 
3 431 -0.043429 true 1281 
0 434 -0.693139 true 1282 
434 431 0.022518 true 1283 
0 5 0.875429 false 1272 
0 431 0.162967 false 1273 
431 5 -0.026969 false 1274 
1 5 -0.811197 true 1275 
431 432 0.110182 true 1276 
432 5 1.312623 true 1277 
431 6 -0.543794 true 1278 
0 433 1.670955 true 1279 
4 10 
435 
436 
437 
438 
4 5 -0.459960 false 1284 
4 435 -0.245604 true 1285 
435 5 -0.409346 false 1286 
435 436 0.063982 true 1288 
436 5 2.017033 true 1289 
4 436 -0.402672 false 1290 
4 437 1.154869 true 1291 
437 436 -0.294046 true 1292 
4 438 -0.283920 true 1294 
438 436 -0.384228 true 1295 
4 11 
439 
440 
441 
442 
2 6 0.124095 false 1296 
2 439 -0.078796 false 1297 
439 6 -0.056319 true 1298 
2 440 0.156552 true 1300 
440 439 -1.705950 false 1301 
3 6 -0.402642 true 1302 
440 441 0.593861 true 1303 
441 439 -4.628312 true 1304 
441 6 -0.333152 true 1305 
2 442 -0.155987 true 1306 
442 6 -0.152977 true 1307 
4 10 
443 
444 
445 
446 
443 444 -0.023766 true 1312 
444 5 0.689000 true 1313 
4 445 -0.345340 true 1315 
445 443 1.612399 true 1316 
443 446 1.794950 true 1318 
446 5 1.659040 true 1319 
4 5 0.000300 false 1308 
4 443 -0.420755 false 1309 
443 5 0.202094 false 1310 
1 443 0.065330 true 1311 
4 11 
448 
449 
450 
447 
449 447 0.171648 true 1328 
448 5 -0.027106 true 1329 
3 450 0.743397 true 1330 
450 5 1.642419 true 1331 
3 5 -1.719530 false 1320 
3 447 -0.195989 false 1321 
447 5 -0.288162 true 1322 
3 448 -1.969566 true 1324 
448 447 -0.017057 true 1325 
447 6 -0.259585 true 1326 
3 449 1.120000 true 1327 
4 11 
451 
452 
453 
454 
0 6 1.727841 false 1332 
0 451 -0.588491 true 1333 
451 6 -0.171826 false 1334 
4 6 0.023202 true 1335 
451 452 -0.268791 false 1336 
452 6 0.407121 true 1337 
4 451 0.100927 true 1338 
451 453 -0.074809 true 1339 
453 452 -0.423633 true 1340 
451 454 -0.571482 true 1342 
454 452 -0.743863 true 1343 
4 12 
455 
456 
457 
458 
4 5 -1.205769 false 1344 
4 455 0.376107 true 1345 
455 5 -0.256575 false 1346 
3 455 0.188244 true 1347 
455 456 -0.002998 true 1348 
456 5 0.847302 false 1349 
0 456 0.001886 true 1350 
456 457 1.164450 true 1351 
457 5 -0.382152 true 1352 
0 455 0.063006 true 1353 
456 458 0.253537 true 1354 
458 5 2.955720 true 1355 
4 11 
459 
460 
461 
462 
3 460 0.608026 true 1360 
460 459 0.000000 true 1361 
0 5 -0.109729 false 1362 
0 461 -0.316092 true 1363 
461 5 -0.538101 true 1364 
3 462 0.282301 true 1366 
462 6 -0.197147 true 1367 
3 5 0.106257 false 1356 
3 459 0.001693 false 1357 
459 5 0.002616 true 1358 
3 6 -0.444856 false 1359 
4 12 
464 
465 
466 
463 
465 5 -0.110079 true 1376 
0 6 1.810017 true 1377 
464 466 0.265857 true 1378 
466 5 -1.437639 true 1379 
4 5 -0.402360 false 1368 
4 463 0.006232 true 1369 
463 5 1.109734 false 1370 
1 463 0.173667 true 1371 
463 464 3.692882 true 1372 
464 5 -1.053585 false 1373 
3 463 -0.591843 true 1374 
464 465 0.382164 true 1375 
4 11 
467 
468 
469 
470 
0 6 0.262530 false 1380 
0 467 -6.049357 false 1381 
467 6 0.282774 true 1382 
0 468 -0.318024 true 1384 
468 467 0.038141 false 1385 
2 467 0.832158 true 1386 
468 469 -0.105497 true 1387 
469 467 -0.008249 true 1388 
3 5 -0.676423 true 1389 
468 470 -1.733370 true 1390 
470 467 -0.015456 true 1391 
4 12 
471 
472 
473 
474 
1 6 0.248108 false 1392 
1 471 -0.850092 true 1393 
471 6 -1.519470 true 1394 
4 5 0.358005 true 1395 
1 472 -0.184640 true 1396 
472 6 -1.931327 true 1397 
1 5 1.981193 true 1398 
1 473 -1.673458 false 1399 
473 6 -6.013668 true 1400 
4 6 -1.893620 true 1401 
1 474 1.830497 true 1402 
474 473 0.674873 true 1403 
4 12 
475 
476 
477 
478 
2 476 0.270964 true 1408 
476 6 0.482185 true 1409 
3 475 0.483279 true 1410 
475 477 -1.085683 false 1411 
477 6 0.004729 true 1412 
475 5 0.982427 true 1413 
475 478 0.019052 true 1414 
478 477 -0.571827 true 1415 
2 6 2.876978 false 1404 
2 475 -3.216355 true 1405 
475 6 -0.100651 false 1406 
1 6 -0.099073 true 1407 
4 12 
480 
481 
482 
479 
481 5 0.029099 true 1424 
479 481 -0.383481 true 1425 
1 482 -0.687395 true 1426 
482 5 -0.249712 true 1427 
0 5 0.086910 false 1416 
0 479 -0.062394 true 1417 
479 5 0.061124 false 1418 
479 6 0.567798 true 1419 
479 480 -0.544382 true 1420 
480 5 -0.034461 true 1421 
1 5 1.082137 false 1422 
0 481 -0.532394 true 1423 
4 12 
483 
484 
485 
486 
4 5 -0.567069 false 1428 
4 483 -2.412069 true 1429 
483 5 1.101962 true 1430 
483 6 -2.362690 false 1431 
483 484 -1.504601 true 1432 
484 6 -0.891382 false 1433 
1 5 -1.580091 true 1434 
483 485 -1.690988 true 1435 
485 6 -0.862336 true 1436 
0 485 -0.418239 true 1437 
484 486 1.060018 true 1438 
486 6 1.998190 true 1439 
4 11 
487 
488 
489 
490 
0 5 0.032440 false 1440 
0 487 0.270791 false 1441 
487 5 1.492114 true 1442 
0 488 1.362131 true 1444 
488 487 -0.812902 true 1445 
4 488 0.504933 false 1446 
4 489 0.268659 false 1447 
489 488 -0.042881 true 1448 
2 487 -0.790222 true 1449 
4 490 -0.427186 true 1450 
490 489 -0.776034 true 1451 
4 10 
491 
492 
493 
494 
4 492 0.755465 true 1456 
492 5 4.144753 true 1457 
491 493 0.591145 true 1459 
493 5 -0.531809 true 1460 
0 6 -1.468870 true 1461 
4 494 -0.834210 true 1462 
494 5 -2.641973 true 1463 
4 5 0.521204 false 1452 
4 491 1.002175 true 1453 
491 5 0.205814 false 1454 
4 9 
496 
497 
498 
495 
497 6 -0.417096 false 1472 
497 498 -1.455287 true 1474 
498 6 0.660766 true 1475 
0 6 2.008489 false 1464 
0 495 8.169705 true 1465 
495 6 -0.759213 false 1466 
495 496 0.166303 true 1468 
496 6 -0.652122 true 1469 
0 497 0.000813 true 1471 
4 10 
499 
500 
501 
502 
0 5 0.641518 false 1476 
0 499 0.020871 true 1477 
499 5 0.541793 true 1478 
0 500 -0.284137 false 1480 
500 5 0.355563 false 1481 
500 501 2.217881 true 1483 
501 5 0.944013 true 1484 
499 6 -0.008516 true 1485 
0 502 0.150188 true 1486 
502 500 -0.594913 true 1487 
4 12 
503 
504 
505 
506 
4 5 0.048555 false 1488 
4 503 -0.303924 true 1489 
503 5 0.014038 false 1490 
1 503 -0.206251 false 1491 
1 504 0.605110 false 1492 
504 503 -0.172612 true 1493 
3 5 -0.421460 true 1494 
1 505 1.682191 true 1495 
505 504 1.968453 true 1496 
0 505 0.942934 true 1497 
503 506 1.385646 true 1498 
506 5 0.037095 true 1499 
4 12 
507 
508 
509 
510 
1 508 0.093393 true 1504 
508 507 0.478728 true 1505 
508 5 -0.535900 true 1506 
507 509 1.393698 true 1507 
509 5 0.163362 true 1508 
2 6 1.078576 false 1509 
2 510 -0.112784 true 1510 
510 6 0.088789 true 1511 
2 5 -0.457917 false 1500 
2 507 0.858400 true 1501 
507 5 0.125060 false 1502 
1 507 0.035492 false 1503 
4 12 
512 
513 
514 
511 
513 6 -1.553802 true 1520 
3 511 -0.265355 true 1521 
511 514 1.538250 true 1522 
514 512 -3.042731 true 1523 
0 6 -0.177898 false 1512 
0 511 -0.526870 true 1513 
511 6 -0.260581 false 1514 
3 6 -1.277822 false 1515 
511 512 2.875263 false 1516 
512 6 -0.303617 true 1517 
1 6 1.997059 true 1518 
3 513 0.157813 true 1519 
4 11 
515 
516 
517 
518 
1 6 -0.113439 false 1524 
1 515 -0.017281 true 1525 
515 6 -0.197140 true 1526 
1 516 -0.179338 true 1528 
516 6 -0.419769 true 1529 
515 5 -0.596556 true 1530 
1 517 1.340475 true 1531 
517 6 -1.797035 true 1532 
516 515 0.643627 false 1533 
516 518 1.089334 true 1534 
518 515 -1.997286 true 1535 
4 12 
519 
520 
521 
522 
0 6 -2.765028 false 1536 
0 519 -0.174133 true 1537 
519 6 0.004548 false 1538 
2 6 -0.002765 true 1539 
519 520 0.252201 true 1540 
520 6 0.213262 false 1541 
3 519 0.943357 true 1542 
520 521 -2.020557 true 1543 
521 6 -0.155688 true 1544 
3 520 0.392245 true 1545 
0 522 0.631207 true 1546 
522 6 -1.752175 true 1547 
4 12 
523 
524 
525 
526 
0 524 -0.950981 true 1552 
524 6 -0.272171 true 1553 
4 523 -0.051416 true 1554 
0 525 -0.105120 true 1555 
525 6 -0.307726 true 1556 
2 5 0.073054 false 1557 
2 526 -0.718716 true 1558 
526 5 0.305862 true 1559 
0 6 0.131105 false 1548 
0 523 0.048792 true 1549 
523 6 -0.953471 true 1550 
4 5 -0.008414 true 1551 
4 12 
528 
529 
530 
527 
529 528 0.365823 true 1568 
528 5 -0.505429 true 1569 
1 530 -0.605962 true 1570 
530 6 0.815650 true 1571 
1 6 -1.011021 false 1560 
1 527 -2.556209 true 1561 
527 6 -0.007298 true 1562 
2 6 0.130457 true 1563 
1 528 -0.528633 false 1564 
528 6 0.009437 true 1565 
4 528 0.061471 true 1566 
1 529 -2.911529 true 1567 
4 12 
531 
532 
533 
534 
3 5 1.079471 false 1572 
3 531 -0.546600 true 1573 
531 5 6.392684 true 1574 
2 5 0.125647 true 1575 
3 532 0.312889 false 1576 
532 5 -3.839319 false 1577 
2 6 -0.796448 true 1578 
532 533 0.447038 true 1579 
533 5 -1.856144 true 1580 
531 532 0.587567 true 1581 
3 534 1.709643 true 1582 
534 532 1.085675 true 1583 
4 11 
535 
536 
537 
538 
1 5 -0.358129 false 1584 
1 535 -1.550739 false 1585 
535 5 -0.000001 true 1586 
3 6 -0.487707 false 1587 
1 536 0.498726 true 1588 
536 535 -0.006128 true 1589 
3 536 1.588879 false 1590 
3 537 0.134410 true 1591 
537 6 0.127760 true 1592 
3 538 -1.393369 true 1594 
538 536 -1.173977 true 1595 
4 12 
539 
540 
541 
542 
3 540 1.989004 true 1600 
540 6 -0.805498 true 1601 
4 5 -0.380662 true 1602 
3 541 0.312575 true 1603 
541 6 0.000449 true 1604 
541 540 -1.686776 false 1605 
541 542 -0.688195 true 1606 
542 540 -0.856671 true 1607 
0 5 1.473857 false 1596 
0 539 0.187048 true 1597 
539 5 0.045048 true 1598 
3 6 0.230947 false 1599 
4 11 
544 
545 
546 
543 
545 6 1.776491 false 1616 
545 546 1.483461 true 1618 
546 6 -2.119205 true 1619 
0 6 0.049871 false 1608 
0 543 -1.543676 true 1609 
543 6 0.002066 false 1610 
1 543 0.789798 true 1611 
543 544 -6.971543 true 1612 
544 6 -0.196771 true 1613 
544 5 -0.096516 true 1614 
543 545 -1.330246 true 1615 
4 11 
547 
548 
549 
550 
1 6 1.234513 false 1620 
1 547 -0.307464 false 1621 
547 6 0.102150 true 1622 
4 6 -0.002458 true 1623 
1 548 -0.257356 false 1624 
548 6 0.004782 true 1625 
547 548 0.164000 true 1626 
1 549 0.876533 true 1627 
549 547 -0.197163 true 1628 
1 550 -1.502277 true 1630 
550 548 2.524232 true 1631 
4 12 
551 
552 
553 
554 
4 6 0.196665 false 1632 
4 551 -0.960905 true 1633 
551 6 1.307493 false 1634 
0 5 0.616344 true 1635 
551 552 -5.216706 false 1636 
552 6 -0.907341 true 1637 
2 551 -0.020719 false 1638 
2 553 -0.292468 true 1639 
553 551 -0.084049 true 1640 
1 5 -1.041385 true 1641 
551 554 -1.011046 true 1642 
554 552 1.783781 true 1643 
4 11 
555 
556 
557 
558 
2 556 0.971771 false 1648 
556 6 0.000995 true 1649 
2 557 0.207665 true 1651 
557 556 -0.492940 true 1652 
4 555 0.853766 true 1653 
2 558 -1.087294 true 1654 
558 556 -0.670724 true 1655 
2 6 0.152711 false 1644 
2 555 -0.180403 true 1645 
555 6 -2.367014 true 1646 
1 6 -0.262330 true 1647 
4 12 
560 
561 
562 
559 
561 5 -0.002624 true 1664 
2 561 -0.169695 true 1665 
559 562 -0.966007 true 1666 
562 6 -0.159571 true 1667 
2 6 0.139506 false 1656 
2 559 -0.507545 true 1657 
559 6 -0.247767 false 1658 
0 5 -0.210022 false 1659 
0 560 2.691366 true 1660 
560 5 -0.006146 false 1661 
1 559 -0.248791 true 1662 
560 561 0.902532 true 1663 
4 11 
563 
564 
565 
566 
2 6 -1.687030 false 1668 
2 563 -0.007647 true 1669 
563 6 0.321806 true 1670 
1 5 -0.135722 true 1671 
2 564 1.058099 false 1672 
564 6 0.070559 true 1673 
2 565 -0.451096 true 1675 
565 564 -1.914253 true 1676 
565 5 -1.458951 true 1677 
2 566 -1.132061 true 1678 
566 564 1.918785 true 1679 
4 12 
567 
568 
569 
570 
1 6 -0.175673 false 1680 
1 567 1.063223 false 1681 
567 6 -0.013939 true 1682 
2 5 0.025360 true 1683 
1 568 0.139949 true 1684 
568 6 -0.033187 true 1685 
0 5 -1.242488 true 1686 
1 569 0.418543 true 1687 
569 567 0.281554 true 1688 
4 5 -0.238743 true 1689 
1 570 1.281474 true 1690 
570 6 -0.057893 true 1691 
4 11 
571 
572 
573 
574 
1 572 1.457278 true 1696 
572 6 1.835582 true 1697 
571 572 0.077807 false 1698 
571 573 0.796556 true 1699 
573 572 0.172357 true 1700 
4 5 0.032398 true 1701 
571 574 -0.203429 true 1702 
574 6 0.637938 true 1703 
1 6 0.679739 false 1692 
1 571 0.138797 true 1693 
571 6 0.919338 false 1694 
4 11 
576 
577 
578 
575 
577 575 0.038008 true 1712 
3 578 0.466379 true 1714 
578 576 0.668320 true 1715 
3 6 1.592400 false 1704 
3 575 -0.307019 false 1705 
575 6 0.369693 true 1706 
2 575 -2.681792 true 1707 
3 576 1.289341 false 1708 
576 6 0.668814 true 1709 
575 576 0.294454 true 1710 
3 577 -0.696995 true 1711 
4 12 
579 
580 
581 
582 
1 5 -0.536081 false 1716 
1 579 0.956357 true 1717 
579 5 0.316786 true 1718 
3 5 -0.101068 false 1719 
3 580 2.337076 false 1720 
580 5 0.823429 true 1721 
579 6 -0.396492 true 1722 
3 581 -0.962293 true 1723 
581 580 -0.404294 false 1724 
4 580 -0.707496 true 1725 
581 582 0.572049 true 1726 
582 580 0.193036 true 1727 
4 12 
583 
584 
585 
586 
3 5 -0.023081 false 1728 
3 583 -1.926721 true 1729 
583 5 0.929894 true 1730 
3 6 -0.671433 false 1731 
3 584 0.101621 false 1732 
584 5 -1.717347 true 1733 
2 6 0.330513 true 1734 
3 585 -0.159452 true 1735 
585 584 -0.226741 true 1736 
1 585 -0.270192 true 1737 
3 586 0.943287 true 1738 
586 6 -1.331319 true 1739 
4 12 
587 
588 
589 
590 
587 588 0.240210 false 1744 
588 6 -2.720536 true 1745 
0 6 -1.352910 true 1746 
587 589 -0.054962 true 1747 
589 588 1.470208 true 1748 
1 6 -1.033400 true 1749 
1 590 -1.053807 true 1750 
590 587 0.062046 true 1751 
2 6 -1.338699 false 1740 
2 587 -0.070309 true 1741 
587 6 -0.015759 false 1742 
1 587 -0.409386 false 1743 
4 12 
592 
593 
594 
591 
593 6 -0.011905 false 1760 
1 6 0.063202 true 1761 
593 594 1.846736 true 1762 
594 6 1.919552 true 1763 
3 5 -1.882152 false 1752 
3 591 0.698325 true 1753 
591 5 0.793767 true 1754 
4 6 0.010324 false 1755 
4 592 -1.055420 true 1756 
592 6 0.020850 true 1757 
1 592 -1.707996 true 1758 
4 593 -1.343202 true 1759 
4 12 
595 
596 
597 
598 
4 6 -0.824222 false 1764 
4 595 0.886981 false 1765 
595 6 -2.634651 true 1766 
3 595 0.312325 true 1767 
4 596 -1.015985 true 1768 
596 595 2.314448 false 1769 
1 595 -0.366696 true 1770 
4 597 -3.097350 true 1771 
597 6 0.009843 true 1772 
0 6 1.245811 true 1773 
596 598 -1.851325 true 1774 
598 595 3.350740 true 1775 
4 12 
599 
600 
601 
602 
4 6 0.458434 false 1776 
4 599 -1.778412 true 1777 
599 6 -0.221547 false 1778 
0 6 -0.553112 true 1779 
599 600 -3.084995 true 1780 
600 6 -1.072612 true 1781 
0 5 -0.006724 true 1782 
599 601 -0.182507 true 1783 
601 6 1.103108 true 1784 
1 601 -0.153897 true 1785 
599 602 -0.448431 true 1786 
602 6 0.864214 true 1787 
4 12 
603 
604 
605 
606 
1 604 -0.007597 true 1792 
604 6 0.551924 true 1793 
2 6 0.439350 true 1794 
1 605 0.316072 true 1795 
605 603 -0.001432 true 1796 
4 603 -0.484955 false 1797 
4 606 0.147563 true 1798 
606 603 0.785731 true 1799 
1 6 0.494314 false 1788 
1 603 0.031860 false 1789 
603 6 -0.136804 true 1790 
603 5 -0.350802 true 1791 
4 11 
608 
609 
610 
607 
609 608 -1.581591 true 1808 
4 607 0.349270 true 1809 
0 610 0.671613 true 1810 
610 608 0.591068 true 1811 
2 5 -0.380114 false 1800 
2 607 1.524361 true 1801 
607 5 -0.247845 false 1802 
607 608 0.978390 false 1804 
608 5 -0.516588 true 1805 
0 608 0.262214 false 1806 
607 609 0.128387 true 1807 
4 12 
611 
612 
613 
614 
3 5 0.005081 false 1812 
3 611 -1.719133 false 1813 
611 5 0.045211 true 1814 
2 611 -0.070232 false 1815 
3 612 0.759086 true 1816 
612 5 -0.059605 true 1817 
1 5 -0.363474 true 1818 
2 613 -0.008520 true 1819 
613 611 0.058651 true 1820 
1 612 0.470927 true 1821 
3 614 1.764340 true 1822 
614 611 2.172439 true 1823 
4 12 
615 
616 
617 
618 
0 5 -4.195028 false 1824 
0 615 -0.734609 true 1825 
615 5 0.388806 true 1826 
4 6 0.000320 false 1827 
4 616 0.748188 true 1828 
616 6 -0.690637 false 1829 
4 615 -0.240476 false 1830 
616 617 -0.063745 true 1831 
617 6 1.759272 true 1832 
1 617 -0.241722 true 1833 
4 618 0.527584 true 1834 
618 615 -0.159498 true 1835 
4 12 
619 
620 
621 
622 
3 620 -0.257829 true 1840 
620 5 -0.000230 false 1841 
4 620 -0.479411 true 1842 
4 621 -1.204718 true 1843 
621 619 0.054390 true 1844 
1 5 -0.553024 true 1845 
620 622 -1.095426 true 1846 
622 5 -0.002212 true 1847 
4 6 -0.790992 false 1836 
4 619 -0.117223 false 1837 
619 6 0.051186 true 1838 
3 5 -0.024391 false 1839 
4 12 
624 
625 
626 
623 
625 6 -0.050669 true 1856 
4 5 -0.000671 true 1857 
2 626 -1.699036 true 1858 
626 6 0.092426 true 1859 
2 6 -0.108974 false 1848 
2 623 0.204508 true 1849 
623 6 -0.089149 false 1850 
3 6 3.781706 true 1851 
623 624 -0.116626 true 1852 
624 6 -1.338823 true 1853 
0 5 0.039439 true 1854 
2 625 -0.655016 true 1855 
4 12 
627 
628 
629 
630 
3 5 0.005164 false 1860 
3 627 1.726033 false 1861 
627 5 0.980919 true 1862 
2 5 -0.057041 true 1863 
3 628 0.243670 false 1864 
628 5 1.783168 true 1865 
0 5 1.992099 true 1866 
3 629 0.889796 true 1867 
629 628 -1.920887 true 1868 
629 5 -0.122225 true 1869 
3 630 -1.663490 true 1870 
630 627 -0.407962 true 1871 
4 12 
631 
632 
633 
634 
4 6 0.267865 false 1872 
4 631 0.049876 true 1873 
631 6 -0.250567 true 1874 
3 6 -0.983988 true 1875 
4 632 -1.669492 true 1876 
632 6 -0.536768 false 1877 
631 5 -0.654045 true 1878 
632 633 -0.481937 true 1879 
633 6 -0.520116 true 1880 
4 5 -0.679855 false 1881 
4 634 0.291702 true 1882 
634 5 -1.189502 true 1883 
4 12 
635 
636 
637 
638 
4 636 0.582345 true 1888 
636 635 0.016053 true 1889 
4 6 -0.053121 true 1890 
635 637 -0.958422 true 1891 
637 5 -0.416540 true 1892 
1 637 0.641078 true 1893 
2 638 0.117821 true 1894 
638 6 0.216970 true 1895 
4 5 1.235496 false 1884 
4 635 -0.097684 false 1885 
635 5 -0.047052 false 1886 
2 6 -0.082980 false 1887 
4 10 
640 
641 
642 
639 
641 640 -0.556399 true 1904 
640 5 -0.307237 true 1905 
4 642 1.963995 true 1906 
642 6 -0.186986 true 1907 
4 6 -0.349149 false 1896 
4 639 -2.703440 true 1897 
639 6 -0.000246 true 1898 
4 640 0.029447 false 1900 
640 6 0.035586 true 1901 
4 641 1.345169 true 1903 
4 11 
643 
644 
645 
646 
2 5 0.056140 false 1908 
2 643 0.078782 true 1909 
643 5 0.530069 false 1910 
643 6 0.085919 false 1911 
643 644 0.006478 true 1912 
644 6 -0.075155 false 1913 
643 645 -1.151105 true 1915 
645 5 1.907758 true 1916 
0 5 0.116521 true 1917 
644 646 -0.178112 true 1918 
646 6 -0.103632 true 1919 
4 10 
647 
648 
649 
650 
2 5 -0.012335 false 1920 
2 647 0.500458 true 1921 
647 5 3.399978 true 1922 
3 6 -0.247569 false 1923 
3 648 0.273600 true 1924 
648 6 0.607988 false 1925 
648 649 1.268236 true 1927 
649 6 0.006629 false 1928 
649 650 0.131566 true 1930 
650 6 0.003987 true 1931 
4 11 
651 
652 
653 
654 
2 652 -0.243632 true 1936 
652 6 -0.192065 false 1937 
4 652 -0.826042 true 1938 
2 653 -0.850173 true 1939 
653 6 -0.085943 true 1940 
3 653 -0.657022 true 1941 
652 654 -0.890438 true 1942 
654 6 1.228849 true 1943 
2 6 -0.002760 false 1932 
2 651 1.049430 true 1933 
651 6 0.171618 true 1934 
4 12 
656 
657 
658 
655 
657 5 0.220336 true 1952 
2 657 -0.171368 true 1953 
1 658 0.366983 true 1954 
658 5 0.701531 true 1955 
3 5 1.247241 false 1944 
3 655 1.934276 true 1945 
655 5 -0.588248 false 1946 
1 5 0.050932 false 1947 
3 656 1.700459 true 1948 
656 5 0.353717 true 1949 
2 5 -0.017896 true 1950 
655 657 -1.569261 true 1951 
4 10 
659 
660 
661 
662 
2 5 1.635963 false 1956 
2 659 -1.126366 false 1957 
659 5 -0.952100 false 1958 
4 5 -0.380684 true 1959 
2 660 -1.642506 true 1960 
660 659 0.997822 true 1961 
659 661 0.398869 true 1963 
661 5 0.092156 true 1964 
2 662 -1.564446 true 1966 
662 5 -0.700556 true 1967 
4 12 
663 
664 
665 
666 
0 6 -0.255352 false 1968 
0 663 -0.309119 false 1969 
663 6 -3.067857 true 1970 
4 663 -0.054576 false 1971 
4 664 -1.944394 false 1972 
664 663 -0.006489 true 1973 
664 5 0.829044 true 1974 
0 665 -0.498327 true 1975 
665 663 -1.868447 true 1976 
3 663 -0.647046 true 1977 
4 666 -0.247236 true 1978 
666 664 0.280318 true 1979 
4 11 
667 
668 
669 
670 
667 668 1.007270 true 1984 
668 5 0.093932 false 1985 
668 669 0.657895 true 1987 
669 5 -1.950801 true 1988 
3 667 0.039000 true 1989 
1 670 1.816973 true 1990 
670 5 0.855936 true 1991 
1 5 -0.721024 false 1980 
1 667 -2.349931 true 1981 
667 5 0.189974 false 1982 
0 6 -1.595986 true 1983 
4 12 
672 
673 
674 
671 
673 672 0.640669 true 2000 
4 671 0.529258 true 2001 
671 674 0.783983 true 2002 
674 5 -1.390312 true 2003 
2 5 -0.003508 false 1992 
2 671 -0.338869 false 1993 
671 5 0.241821 false 1994 
4 6 -0.250805 true 1995 
2 672 0.567870 false 1996 
672 671 0.344345 true 1997 
2 6 0.080070 true 1998 
2 673 -0.153497 true 1999 
4 10 
675 
676 
677 
678 
0 6 0.012484 false 2004 
0 675 0.068520 true 2005 
675 6 -0.275155 false 2006 
675 676 -3.092695 true 2008 
676 6 0.288270 true 2009 
1 6 0.049811 false 2010 
1 677 0.498527 true 2011 
677 6 -0.205733 true 2012 
1 678 -1.857071 true 2014 
678 6 -0.031775 true 2015 
4 12 
679 
680 
681 
682 
2 6 -0.509895 false 2016 
2 679 0.521813 true 2017 
679 6 0.762853 false 2018 
4 679 -3.114002 false 2019 
4 680 -1.954616 true 2020 
680 679 -2.075296 true 2021 
0 6 -0.642979 false 2022 
0 681 -0.272383 true 2023 
681 6 -0.084311 true 2024 
1 679 -0.534664 true 2025 
679 682 -0.961737 true 2026 
682 6 1.311409 true 2027 
4 11 
683 
684 
685 
686 
683 684 0.466053 true 2032 
684 6 -0.058457 true 2033 
683 685 -3.184695 true 2035 
685 6 0.020485 true 2036 
3 685 -0.192654 false 2037 
3 686 -1.828251 true 2038 
686 685 -0.044086 true 2039 
3 5 -0.000930 false 2028 
3 683 -1.000761 true 2029 
683 5 -0.021169 true 2030 
683 6 0.182447 false 2031 
4 12 
688 
689 
690 
687 
689 687 -0.082012 true 2048 
3 689 -0.176914 false 2049 
3 690 -1.771574 true 2050 
690 689 0.655786 true 2051 
3 6 2.165566 false 2040 
3 687 1.361595 true 2041 
687 6 -0.007800 true 2042 
1 687 -0.088221 false 2043 
1 688 1.490517 true 2044 
688 687 -0.100365 false 2045 
4 688 0.557778 true 2046 
688 689 0.148731 true 2047 
4 11 
691 
692 
693 
694 
3 6 0.000353 false 2052 
3 691 -0.266712 false 2053 
691 6 0.011347 false 2054 
3 692 -0.841783 false 2056 
692 691 -0.199689 true 2057 
692 6 -0.478727 true 2058 
691 693 0.379983 true 2059 
693 6 -0.789261 true 2060 
1 691 -0.628409 true 2061 
3 694 1.596294 true 2062 
694 692 -0.748700 true 2063 
4 11 
695 
696 
697 
698 
3 6 0.109699 false 2064 
3 695 0.202078 false 2065 
695 6 5.423694 true 2066 
2 695 1.188632 false 2067 
2 696 -2.442455 true 2068 
696 695 0.005632 true 2069 
3 697 0.466948 true 2071 
697 695 0.472848 true 2072 
3 5 -1.141325 true 2073 
2 698 -0.188064 true 2074 
698 695 1.898620 true 2075 
4 11 
699 
700 
701 
702 
0 700 -0.438652 true 2080 
700 6 1.567160 false 2081 
3 699 0.095617 true 2082 
700 701 -1.461715 true 2083 
701 6 -0.478159 true 2084 
701 699 -0.515579 true 2085 
700 702 -0.984017 true 2086 
702 6 -1.257939 true 2087 
0 6 -0.003154 false 2076 
0 699 0.134052 true 2077 
699 6 0.970200 true 2078 
4 11 
704 
705 
706 
703 
705 5 1.022275 true 2096 
0 704 1.901751 true 2097 
1 706 1.484621 true 2098 
706 5 -0.396607 true 2099 
1 5 0.203890 false 2088 
1 703 0.731499 true 2089 
703 5 0.014593 false 2090 
1 704 -0.565318 true 2092 
704 5 0.438602 true 2093 
4 6 0.099489 true 2094 
703 705 0.524238 true 2095 
4 12 
707 
708 
709 
710 
3 6 0.034032 false 2100 
3 707 0.005726 true 2101 
707 6 0.046245 false 2102 
1 707 0.091212 false 2103 
1 708 0.857232 true 2104 
708 707 -1.426892 true 2105 
1 6 1.324708 true 2106 
707 709 -0.764703 true 2107 
709 6 0.025407 true 2108 
0 707 0.457105 true 2109 
707 710 -1.360804 true 2110 
710 6 -0.003640 true 2111 
4 12 
711 
712 
713 
714 
0 5 -0.000922 false 2112 
0 711 -0.160453 true 2113 
711 5 -1.719871 true 2114 
2 711 -0.829580 false 2115 
2 712 0.045126 false 2116 
712 711 -0.640867 true 2117 
712 6 -1.651520 true 2118 
2 713 0.818409 true 2119 
713 711 -2.416031 true 2120 
713 5 -0.097298 true 2121 
2 714 0.932760 true 2122 
714 712 -1.174749 true 2123 
4 12 
715 
716 
717 
718 
715 716 0.025410 true 2128 
716 5 -0.015606 false 2129 
716 6 0.572378 true 2130 
716 717 -0.913520 true 2131 
717 5 -0.844494 true 2132 
715 717 0.324666 true 2133 
715 718 0.660652 true 2134 
718 5 -2.373177 true 2135 
2 5 -0.014280 false 2124 
2 715 0.106601 true 2125 
715 5 2.832579 false 2126 
4 715 -0.579875 true 2127 
4 12 
720 
721 
722 
719 
721 6 -0.124406 true 2144 
4 721 1.671080 false 2145 
4 722 -1.570281 true 2146 
722 721 1.561578 true 2147 
0 5 -0.000774 false 2136 
0 719 -1.940410 true 2137 
719 5 -0.161392 true 2138 
1 6 0.421954 false 2139 
0 720 3.018879 true 2140 
720 5 0.045223 true 2141 
2 6 -0.038605 true 2142 
1 721 1.010339 true 2143 
4 11 
723 
724 
725 
726 
1 5 -0.001155 false 2148 
1 723 -0.092195 false 2149 
723 5 -0.067778 true 2150 
723 6 0.094178 true 2151 
1 724 1.639240 true 2152 
724 723 -0.025426 true 2153 
1 725 -0.291526 true 2155 
725 5 0.049789 true 2156 
0 5 -0.103559 false 2157 
0 726 1.949490 true 2158 
726 5 1.492883 true 2159 
4 11 
727 
728 
729 
730 
1 6 -0.067680 false 2160 
1 727 0.445000 false 2161 
727 6 -0.136765 true 2162 
727 5 -0.237229 true 2163 
1 728 -0.225214 true 2164 
728 6 0.003105 true 2165 
3 727 0.028599 true 2166 
1 729 -0.076074 false 2167 
729 727 -3.195944 true 2168 
1 730 -0.168194 true 2170 
730 729 0.135380 true 2171 
4 11 
731 
732 
733 
734 
0 732 -0.557662 true 2176 
732 731 0.684911 true 2177 
3 732 0.095701 true 2178 
0 733 -0.352933 false 2179 
733 731 0.359516 true 2180 
0 734 -0.584587 true 2182 
734 733 -0.194900 true 2183 
0 6 0.106663 false 2172 
0 731 -1.373941 false 2173 
731 6 -0.054092 true 2174 
4 5 0.169614 true 2175 
4 11 
736 
737 
738 
735 
737 735 -0.782340 true 2192 
737 736 0.296423 false 2193 
737 738 -1.520825 true 2194 
738 736 -0.363668 true 2195 
1 5 0.230534 false 2184 
1 735 -0.773891 false 2185 
735 5 -5.517485 true 2186 
1 736 1.163321 true 2188 
736 735 -0.055272 true 2189 
3 735 0.254336 false 2190 
3 737 -1.729455 true 2191 
4 11 
739 
740 
741 
742 
4 5 -0.018679 false 2196 
4 739 -0.023653 true 2197 
739 5 0.125551 false 2198 
4 740 0.821747 true 2200 
740 5 -0.055623 true 2201 
739 740 0.002950 true 2202 
739 741 3.623342 false 2203 
741 5 0.090289 true 2204 
3 5 0.680440 true 2205 
739 742 -1.650753 true 2206 
742 741 -0.429114 true 2207 
4 11 
743 
744 
745 
746 
1 6 -0.136729 false 2208 
1 743 -6.989727 true 2209 
743 6 -1.144224 false 2210 
0 6 0.246260 true 2211 
743 744 0.058337 true 2212 
744 6 -0.000115 true 2213 
3 6 1.458929 true 2214 
743 745 0.307268 false 2215 
745 6 5.575975 true 2216 
743 746 -1.275277 true 2218 
746 745 -0.539180 true 2219 
4 11 
747 
748 
749 
750 
1 748 3.462576 true 2224 
748 5 0.079613 true 2225 
4 747 -0.042866 true 2226 
1 749 -1.412833 true 2227 
749 5 -0.294741 true 2228 
747 750 -1.989215 true 2230 
750 5 0.011383 true 2231 
1 5 -0.657954 false 2220 
1 747 -0.049333 true 2221 
747 5 -0.196952 false 2222 
747 6 -0.024006 true 2223 
4 12 
752 
753 
754 
751 
753 6 -0.001913 true 2240 
751 753 1.535724 true 2241 
752 754 -0.794454 true 2242 
754 6 0.000024 true 2243 
2 6 0.006773 false 2232 
2 751 1.891263 true 2233 
751 6 -0.000026 false 2234 
4 5 0.843557 true 2235 
751 752 1.985919 true 2236 
752 6 -0.000002 false 2237 
0 751 0.063596 true 2238 
2 753 -1.111622 true 2239 
4 12 
755 
756 
757 
758 
1 5 -0.002984 false 2244 
1 755 -0.881100 true 2245 
755 5 -0.077248 true 2246 
3 755 0.396533 false 2247 
1 756 0.522529 true 2248 
756 5 0.000026 true 2249 
0 5 -2.249068 true 2250 
3 757 1.279923 true 2251 
757 755 0.620120 true 2252 
4 756 0.031157 true 2253 
1 758 -0.490592 true 2254 
758 5 0.002567 true 2255 
4 12 
759 
760 
761 
762 
4 6 1.099317 false 2256 
4 759 -0.038705 true 2257 
759 6 -0.040901 false 2258 
2 5 -0.114157 false 2259 
759 760 1.031070 true 2260 
760 6 0.005839 true 2261 
0 5 0.637185 true 2262 
2 761 -0.097084 true 2263 
761 5 -0.088690 true 2264 
760 761 -0.016511 false 2265 
760 762 0.147355 true 2266 
762 761 0.013064 true 2267 
4 11 
763 
764 
765 
766 
0 764 -5.304530 true 2272 
764 763 -2.831326 true 2273 
1 764 -0.449579 true 2274 
2 765 -1.317879 true 2275 
765 763 0.196519 true 2276 
0 766 -1.297531 true 2278 
766 5 -0.786447 true 2279 
0 5 -0.069452 false 2268 
0 763 -2.182583 false 2269 
763 5 0.384490 true 2270 
2 763 1.557303 false 2271 
4 11 
768 
769 
770 
767 
769 768 -1.266440 true 2288 
1 6 -1.399252 true 2289 
767 770 0.670217 true 2290 
770 769 0.588865 true 2291 
1 5 1.472215 false 2280 
1 767 -0.928584 true 2281 
767 5 0.318399 false 2282 
767 768 -0.275225 false 2284 
768 5 1.302758 true 2285 
3 767 0.113422 true 2286 
767 769 0.596741 false 2287 
4 11 
771 
772 
773 
774 
1 5 -0.003515 false 2292 
1 771 0.134873 false 2293 
771 5 1.247092 true 2294 
1 772 0.201059 true 2296 
772 771 0.001762 false 2297 
2 5 -0.022041 true 2298 
1 773 0.002729 true 2299 
773 771 -0.150875 true 2300 
2 773 0.243615 true 2301 
772 774 1.528868 true 2302 
774 771 0.005031 true 2303 
4 11 
775 
776 
777 
778 
2 6 0.519785 false 2304 
2 775 -0.916299 true 2305 
775 6 -0.079747 false 2306 
3 6 -0.888916 true 2307 
775 776 0.210298 true 2308 
776 6 -0.089353 true 2309 
775 777 -1.748860 false 2311 
777 6 0.140921 true 2312 
0 5 0.016401 true 2313 
775 778 -0.363610 true 2314 
778 777 -3.770653 true 2315 
4 11 
779 
780 
781 
782 
0 780 0.289890 true 2320 
780 779 -2.151423 true 2321 
0 781 1.063584 true 2323 
781 5 -0.987345 false 2324 
779 6 0.702928 true 2325 
781 782 -1.298280 true 2326 
782 5 0.035083 true 2327 
0 5 -0.109342 false 2316 
0 779 2.440196 false 2317 
779 5 -0.107546 true 2318 
4 779 -0.003296 true 2319 
4 11 
784 
785 
786 
783 
785 783 -1.124541 true 2336 
3 786 1.005135 true 2338 
786 783 0.167465 true 2339 
3 6 1.730683 false 2328 
3 783 -0.154201 false 2329 
783 6 -0.379802 true 2330 
4 5 0.001086 true 2331 
3 784 1.016677 true 2332 
784 783 -0.053054 true 2333 
1 783 -1.485983 false 2334 
1 785 -0.107966 true 2335 
4 12 
787 
788 
789 
790 
4 5 -1.955245 false 2340 
4 787 0.035494 false 2341 
787 5 -0.762737 false 2342 
787 6 -0.081434 true 2343 
787 788 1.089683 true 2344 
788 5 -0.260518 true 2345 
3 788 -2.962486 true 2346 
4 789 -0.135719 true 2347 
789 787 -0.085379 false 2348 
0 788 -0.020777 true 2349 
789 790 -1.670636 true 2350 
790 787 0.231541 true 2351 
4 11 
791 
792 
793 
794 
4 5 0.333994 false 2352 
4 791 0.072372 true 2353 
791 5 0.555944 false 2354 
791 792 0.057213 false 2356 
792 5 -0.059182 true 2357 
2 792 -0.269764 false 2358 
791 793 1.661098 true 2359 
793 792 -1.221560 true 2360 
1 6 -0.262868 true 2361 
2 794 -1.263998 true 2362 
794 792 1.712746 true 2363 
4 11 
795 
796 
797 
798 
795 796 0.199993 true 2368 
796 5 -0.003027 true 2369 
0 5 -1.414732 true 2370 
795 797 -2.282680 false 2371 
797 5 0.350625 true 2372 
795 798 -1.419459 true 2374 
798 797 1.680500 true 2375 
3 5 1.671556 false 2364 
3 795 5.720216 true 2365 
795 5 0.133449 false 2366 
2 6 0.024362 true 2367 
4 11 
800 
801 
802 
799 
801 6 -0.466877 true 2384 
1 802 -1.173971 true 2386 
802 6 0.651670 true 2387 
1 6 -0.442475 false 2376 
1 799 -0.464613 true 2377 
799 6 0.016328 false 2378 
0 6 0.541850 true 2379 
799 800 -1.535284 true 2380 
800 6 -2.177788 true 2381 
2 6 0.087466 false 2382 
2 801 -0.216194 true 2383 
4 11 
803 
804 
805 
806 
2 6 0.363003 false 2388 
2 803 1.527624 false 2389 
803 6 0.185518 false 2390 
2 804 -1.088592 true 2392 
804 803 0.058068 true 2393 
2 5 0.007735 true 2394 
803 805 -0.473385 true 2395 
805 6 0.058231 true 2396 
803 5 0.075294 true 2397 
803 806 -0.450039 true 2398 
806 6 0.200260 true 2399 
4 12 
807 
808 
809 
810 
0 5 0.022036 false 2400 
0 807 -0.363311 true 2401 
807 5 -0.042493 false 2402 
4 807 -0.364250 true 2403 
807 808 -0.955879 true 2404 
808 5 -0.301300 false 2405 
808 6 -0.125995 true 2406 
808 809 0.243102 true 2407 
809 5 0.005601 false 2408 
3 808 -0.493040 true 2409 
809 810 -0.076126 true 2410 
810 5 -0.015775 true 2411 
4 12 
811 
812 
813 
814 
811 812 -0.576533 true 2416 
812 5 -0.109692 true 2417 
4 5 0.719658 true 2418 
811 813 -1.082003 true 2419 
813 5 0.181097 true 2420 
813 812 0.116964 true 2421 
0 814 -1.742891 true 2422 
814 811 0.000289 true 2423 
0 5 1.274702 false 2412 
0 811 0.013484 false 2413 
811 5 -0.906199 false 2414 
4 6 0.065930 true 2415 
4 11 
816 
817 
818 
815 
817 816 -0.039131 true 2432 
4 818 -0.360472 true 2434 
818 815 -1.321122 true 2435 
4 5 5.850189 false 2424 
4 815 -1.791616 false 2425 
815 5 0.008636 true 2426 
2 815 -0.002631 true 2427 
4 816 -0.040613 false 2428 
816 815 -0.007873 true 2429 
816 5 -0.148354 true 2430 
4 817 0.019853 true 2431 
4 10 
819 
820 
821 
822 
4 6 0.370890 false 2436 
4 819 -1.147021 false 2437 
819 6 1.434000 true 2438 
4 820 0.509429 true 2440 
820 819 -0.351294 true 2441 
4 821 -0.024669 false 2443 
821 6 1.085769 true 2444 
3 5 -0.337426 true 2445 
4 822 0.508011 true 2446 
822 821 -0.353737 true 2447 
4 11 
823 
824 
825 
826 
3 5 0.149275 false 2448 
3 823 -0.201767 false 2449 
823 5 -0.456241 true 2450 
3 824 0.088820 true 2452 
824 823 -0.685492 true 2453 
0 824 -0.760724 true 2454 
3 825 -0.911543 true 2455 
825 823 -0.019792 false 2456 
824 825 -0.001156 true 2457 
825 826 -1.521264 true 2458 
826 823 -0.991895 true 2459 
4 11 
827 
828 
829 
830 
827 828 -0.087970 false 2464 
828 5 0.019892 true 2465 
0 5 -0.360517 false 2466 
0 829 -1.289117 true 2467 
829 5 -2.938595 true 2468 
827 830 -1.004692 true 2470 
830 828 0.084375 true 2471 
4 5 -0.002243 false 2460 
4 827 -0.808669 true 2461 
827 5 -0.735526 false 2462 
3 827 1.558441 true 2463 
4 11 
832 
833 
834 
831 
833 832 -0.975329 true 2480 
831 834 -0.731754 true 2482 
834 5 0.670690 true 2483 
4 6 -0.907006 false 2472 
4 831 -0.993884 false 2473 
831 6 0.135011 true 2474 
831 5 0.567940 false 2475 
4 832 -0.248463 true 2476 
832 831 2.227326 true 2477 
3 832 0.148391 false 2478 
3 833 -0.366961 true 2479 
4 10 
835 
836 
837 
838 
1 6 -0.005324 false 2484 
1 835 -2.297053 true 2485 
835 6 0.123186 false 2486 
3 6 1.496331 false 2487 
3 836 -0.695766 true 2488 
836 6 -2.613965 false 2489 
836 837 -2.714582 true 2491 
837 6 0.630154 true 2492 
835 838 0.963674 true 2494 
838 6 0.374463 true 2495 
4 11 
839 
840 
841 
842 
4 5 -5.587238 false 2496 
4 839 5.582002 false 2497 
839 5 -0.069661 true 2498 
4 840 0.095057 false 2500 
840 5 -0.256888 true 2501 
840 839 -0.042815 true 2502 
4 841 -2.386097 true 2503 
841 839 2.384981 true 2504 
1 6 -1.107118 true 2505 
4 842 1.401466 true 2506 
842 840 -1.301338 true 2507 
4 11 
843 
844 
845 
846 
2 844 4.632647 false 2512 
844 6 0.001418 true 2513 
2 845 2.337776 true 2515 
845 844 -3.974482 true 2516 
4 6 -0.922811 false 2517 
4 846 1.095855 true 2518 
846 6 -0.921420 true 2519 
2 6 -0.361163 false 2508 
2 843 -0.366200 true 2509 
843 6 -0.000155 true 2510 
2 5 -0.003560 true 2511 
4 11 
848 
849 
850 
847 
849 5 0.004786 true 2528 
847 848 0.691221 true 2529 
3 850 -0.917156 true 2530 
850 5 -0.013101 true 2531 
1 5 -0.812054 false 2520 
1 847 -0.941368 true 2521 
847 5 -0.772907 true 2522 
3 5 0.000432 false 2523 
3 848 0.298644 true 2524 
848 5 -0.037778 true 2525 
1 849 -1.438957 true 2527 
4 11 
851 
852 
853 
854 
4 6 -1.947768 false 2532 
4 851 2.536825 true 2533 
851 6 -0.338290 true 2534 
3 5 -0.249116 false 2535 
4 852 1.374874 true 2536 
852 6 2.105217 true 2537 
1 6 -1.102081 true 2538 
3 853 -0.442826 true 2539 
853 5 -0.620103 true 2540 
3 854 0.155745 true 2542 
854 5 -0.069636 true 2543 
4 10 
855 
856 
857 
858 
1 5 0.098154 false 2544 
1 855 -1.245063 false 2545 
855 5 -0.143953 true 2546 
1 856 0.590855 true 2548 
856 5 -4.337601 true 2549 
856 855 -1.150123 true 2550 
1 857 -0.013524 false 2551 
857 855 -0.141025 true 2552 
1 858 -1.781829 true 2554 
858 857 0.013674 true 2555 
4 11 
859 
860 
861 
862 
1 860 -0.033399 true 2560 
860 6 1.004443 false 2561 
860 861 0.159584 false 2563 
861 6 -1.077708 true 2564 
2 859 0.493625 true 2565 
860 862 0.286789 true 2566 
862 861 -0.628667 true 2567 
0 5 -0.864851 false 2556 
0 859 0.106244 true 2557 
859 5 0.055104 true 2558 
1 6 3.191238 false 2559 
4 10 
864 
865 
866 
863 
865 5 -0.163191 false 2576 
865 866 -0.890335 true 2578 
866 5 1.554987 true 2579 
0 5 0.628144 false 2568 
0 863 0.339904 true 2569 
863 5 0.471690 false 2570 
863 864 -1.650499 true 2572 
864 5 0.867046 true 2573 
1 6 -0.010791 true 2574 
0 865 0.527189 true 2575 
4 10 
867 
868 
869 
870 
4 5 -0.000116 false 2580 
4 867 -0.486153 true 2581 
867 5 -0.003103 false 2582 
867 6 0.177669 false 2583 
867 868 0.395355 true 2584 
868 5 0.017059 true 2585 
867 869 -0.514911 true 2587 
869 6 -0.680991 false 2588 
869 870 -1.638201 true 2590 
870 6 -0.434277 true 2591 
4 11 
871 
872 
873 
874 
3 6 0.262244 false 2592 
3 871 -0.938589 true 2593 
871 6 -1.614466 false 2594 
1 5 0.012885 true 2595 
3 872 -0.535058 false 2596 
872 6 0.263290 true 2597 
871 873 0.524920 true 2599 
873 6 -0.490080 true 2600 
1 871 -0.065474 true 2601 
3 874 0.313999 true 2602 
874 872 0.995894 true 2603 
4 12 
875 
876 
877 
878 
2 876 0.015292 true 2608 
876 6 -0.342884 false 2609 
876 875 0.018342 true 2610 
875 877 -1.017891 true 2611 
877 6 -0.028086 true 2612 
1 876 0.369887 true 2613 
876 878 0.804059 true 2614 
878 6 -0.515049 true 2615 
3 6 -0.151198 false 2604 
3 875 -0.069351 true 2605 
875 6 -0.082125 false 2606 
2 6 0.019242 false 2607 
4 12 
880 
881 
882 
879 
881 5 0.793366 true 2624 
2 880 -1.298870 true 2625 
0 882 -1.949532 true 2626 
882 5 -1.637710 true 2627 
0 5 -0.319054 false 2616 
0 879 1.659183 true 2617 
879 5 -1.110613 false 2618 
1 6 -0.068010 true 2619 
879 880 0.311555 true 2620 
880 5 -0.097232 false 2621 
3 5 0.143291 true 2622 
880 881 1.495738 true 2623 
4 12 
883 
884 
885 
886 
3 5 0.480052 false 2628 
3 883 -0.031794 true 2629 
883 5 0.602551 true 2630 
0 883 1.253515 false 2631 
0 884 0.232913 false 2632 
884 883 -0.021609 true 2633 
1 6 -1.842561 true 2634 
0 885 -1.963653 true 2635 
885 883 0.725053 true 2636 
1 885 -1.731601 true 2637 
0 886 -1.879816 true 2638 
886 884 -0.153982 true 2639 
4 12 
887 
888 
889 
890 
2 6 1.239122 false 2640 
2 887 -2.951466 false 2641 
887 6 1.765284 false 2642 
3 5 1.616637 true 2643 
887 888 0.008726 false 2644 
888 6 -0.158669 true 2645 
4 6 -0.889364 true 2646 
2 889 -1.095715 true 2647 
889 887 -2.829258 true 2648 
0 889 -1.269324 true 2649 
887 890 1.943995 true 2650 
890 888 0.079219 true 2651 
4 11 
891 
892 
893 
894 
0 892 -0.284581 true 2656 
892 891 0.142911 true 2657 
3 6 -0.221000 false 2658 
3 893 -0.012767 true 2659 
893 6 0.478764 false 2660 
2 892 -0.287509 true 2661 
893 894 -0.398208 true 2662 
894 6 -2.073392 true 2663 
0 5 0.012350 false 2652 
0 891 2.984800 false 2653 
891 5 -0.035092 true 2654 
4 12 
896 
897 
898 
895 
897 896 -0.201269 true 2672 
897 6 0.040614 true 2673 
4 898 -0.573523 true 2674 
898 5 0.508649 true 2675 
4 5 -0.494788 false 2664 
4 895 -0.147427 true 2665 
895 5 0.573653 true 2666 
3 895 -1.010859 false 2667 
3 896 0.417219 false 2668 
896 895 0.213807 true 2669 
1 5 -0.072189 true 2670 
3 897 0.082123 true 2671 
4 11 
899 
900 
901 
902 
2 6 0.450378 false 2676 
2 899 -0.033780 false 2677 
899 6 -0.058385 true 2678 
899 5 0.040846 true 2679 
2 900 -0.000601 true 2680 
900 899 -0.509461 true 2681 
900 5 1.678610 false 2682 
900 901 0.071012 true 2683 
901 5 -0.003417 true 2684 
900 902 0.398477 true 2686 
902 5 -1.632390 true 2687 
4 9 
903 
904 
905 
906 
3 5 1.237273 false 2688 
3 903 0.002823 false 2689 
903 5 -1.901297 true 2690 
3 904 2.667484 false 2692 
904 5 0.438974 true 2693 
3 905 0.106316 true 2695 
905 903 1.269331 true 2696 
3 906 -0.977635 true 2698 
906 904 0.216755 true 2699 
4 12 
907 
908 
909 
910 
0 908 -0.637209 true 2704 
908 907 1.751261 false 2705 
3 6 -0.640749 true 2706 
0 909 1.356689 true 2707 
909 907 1.988756 true 2708 
909 6 0.015382 true 2709 
908 910 -0.103336 true 2710 
910 907 1.414646 true 2711 
0 6 -0.177508 false 2700 
0 907 1.431203 false 2701 
907 6 -0.657621 true 2702 
2 907 0.667069 true 2703 
4 12 
912 
913 
914 
911 
913 911 0.006137 true 2720 
913 5 0.647569 true 2721 
911 914 1.489804 true 2722 
914 6 0.028029 true 2723 
1 6 0.667916 false 2712 
1 911 0.624751 true 2713 
911 6 0.133537 false 2714 
3 911 2.628697 false 2715 
1 912 -0.111897 true 2716 
912 6 1.361244 true 2717 
912 911 0.026978 true 2718 
3 913 -0.806193 true 2719 
4 11 
915 
916 
917 
918 
3 5 -0.543447 false 2724 
3 915 -2.167183 true 2725 
915 5 -0.235925 true 2726 
1 6 -0.308190 false 2727 
1 916 2.869711 false 2728 
916 6 -0.823944 true 2729 
4 6 0.662957 true 2730 
1 917 -0.856188 true 2731 
917 916 -0.985394 true 2732 
1 918 -0.402114 true 2734 
918 6 -0.217172 true 2735 
4 12 
919 
920 
921 
922 
2 5 0.200148 false 2736 
2 919 -0.036512 true 2737 
919 5 0.542633 true 2738 
2 6 -0.303067 true 2739 
2 920 0.426302 false 2740 
920 5 0.152186 true 2741 
1 6 0.102103 true 2742 
2 921 2.051251 true 2743 
921 920 1.017139 true 2744 
0 919 -0.288235 true 2745 
2 922 -0.828675 true 2746 
922 920 -0.734502 true 2747 
4 11 
923 
924 
925 
926 
1 924 0.984263 true 2752 
924 5 0.053932 false 2753 
923 924 0.130576 true 2754 
3 925 -0.525222 true 2755 
925 6 -0.135830 true 2756 
924 926 0.284498 true 2758 
926 5 0.054089 true 2759 
3 6 -0.155533 false 2748 
3 923 1.410571 true 2749 
923 6 -0.075374 true 2750 
1 5 0.043012 false 2751 
4 11 
928 
929 
930 
927 
929 6 -0.002344 true 2768 
927 5 -0.127709 true 2769 
3 930 0.817723 true 2770 
930 6 -0.206878 true 2771 
3 6 -1.385811 false 2760 
3 927 0.972783 false 2761 
927 6 0.074135 false 2762 
2 927 0.063224 true 2763 
3 928 -0.046054 true 2764 
928 927 0.034523 true 2765 
927 929 0.435130 true 2767 
4 12 
931 
932 
933 
934 
1 6 -1.032268 false 2772 
1 931 -1.368410 true 2773 
931 6 0.343869 true 2774 
2 5 -0.498952 false 2775 
1 932 -1.194761 false 2776 
932 6 -0.666420 true 2777 
0 6 -0.197336 true 2778 
1 933 0.057731 true 2779 
933 932 1.500629 true 2780 
2 6 -0.171105 true 2781 
2 934 1.836609 true 2782 
934 5 -0.398925 true 2783 
4 12 
935 
936 
937 
938 
1 5 -0.157773 false 2784 
1 935 -0.839865 false 2785 
935 5 -2.955859 true 2786 
2 6 -0.045366 true 2787 
1 936 -1.907252 false 2788 
936 5 -0.020548 true 2789 
4 5 1.576141 true 2790 
1 937 -1.315391 true 2791 
937 936 0.009451 true 2792 
935 6 -0.006327 true 2793 
1 938 0.498331 true 2794 
938 935 0.234439 true 2795 
4 12 
939 
940 
941 
942 
4 940 4.038579 true 2800 
940 6 0.605268 false 2801 
1 939 0.374797 true 2802 
940 941 2.605761 true 2803 
941 6 0.545862 false 2804 
3 6 0.200545 true 2805 
941 942 0.204337 true 2806 
942 6 -0.019248 true 2807 
2 5 -0.030274 false 2796 
2 939 -0.083724 true 2797 
939 5 0.017296 true 2798 
4 6 1.408898 false 2799 
4 10 
944 
945 
946 
943 
945 944 -0.170487 true 2816 
2 946 1.653233 true 2818 
946 5 0.621223 true 2819 
4 5 -0.899419 false 2808 
4 943 -0.279482 true 2809 
943 5 0.056190 true 2810 
4 944 1.301774 false 2812 
944 5 -0.466820 true 2813 
2 5 0.090355 false 2814 
4 945 -0.050219 true 2815 
4 11 
947 
948 
949 
950 
1 6 -0.288241 false 2820 
1 947 -0.112065 false 2821 
947 6 -0.007831 true 2822 
4 947 0.078045 true 2823 
1 948 -5.332665 true 2824 
948 947 -0.242918 true 2825 
4 948 1.955186 false 2826 
4 949 1.966333 true 2827 
949 948 0.017090 false 2828 
949 950 -0.211978 true 2830 
950 948 -0.634436 true 2831 
4 12 
951 
952 
953 
954 
2 6 -0.145981 false 2832 
2 951 0.600683 true 2833 
951 6 -0.857473 true 2834 
1 951 -1.746594 false 2835 
2 952 -1.097144 true 2836 
952 6 -0.042123 true 2837 
952 5 0.376712 false 2838 
1 953 0.833745 true 2839 
953 951 -0.222393 true 2840 
953 952 -0.079719 true 2841 
952 954 -1.784933 true 2842 
954 5 0.068624 true 2843 
4 11 
955 
956 
957 
958 
2 956 -0.014718 false 2848 
956 955 1.012116 false 2849 
2 957 0.038975 true 2851 
957 956 -0.528215 true 2852 
955 6 0.146052 true 2853 
956 958 1.989108 true 2854 
958 955 0.295594 true 2855 
2 5 0.209645 false 2844 
2 955 -1.775232 false 2845 
955 5 -0.487298 true 2846 
4 6 2.125628 true 2847 
4 12 
960 
961 
962 
959 
961 6 -0.446485 true 2864 
3 6 -0.504668 true 2865 
959 962 -1.484291 true 2866 
962 960 -0.769353 true 2867 
1 6 -0.544549 false 2856 
1 959 2.478232 true 2857 
959 6 -0.359209 false 2858 
0 959 1.600045 true 2859 
959 960 -0.590890 false 2860 
960 6 0.002654 true 2861 
2 959 0.881646 true 2862 
959 961 1.182496 true 2863 
4 12 
963 
964 
965 
966 
1 6 -2.561132 false 2868 
1 963 0.194441 false 2869 
963 6 -0.293325 true 2870 
4 963 -0.021355 true 2871 
1 964 -0.431508 true 2872 
964 963 -1.658413 false 2873 
3 963 -0.001217 true 2874 
1 965 -0.447726 true 2875 
965 963 0.040620 true 2876 
964 965 -0.294981 true 2877 
964 966 -0.975298 true 2878 
966 963 -0.933291 true 2879 
4 12 
967 
968 
969 
970 
2 6 -0.345577 false 2880 
2 967 0.143276 false 2881 
967 6 -0.755193 true 2882 
3 5 -0.699792 true 2883 
2 968 -3.829974 false 2884 
968 6 0.231512 true 2885 
967 968 -0.254737 true 2886 
2 969 0.890556 true 2887 
969 967 1.426595 true 2888 
0 967 -0.085145 true 2889 
2 970 0.708691 true 2890 
970 968 -2.247903 true 2891 
4 12 
971 
972 
973 
974 
2 972 -0.122644 true 2896 
972 5 0.037008 true 2897 
0 5 -0.001148 true 2898 
2 973 0.081676 true 2899 
973 5 0.574061 true 2900 
973 972 -0.006469 false 2901 
973 974 -0.838017 true 2902 
974 972 -0.039734 true 2903 
2 5 -0.427766 false 2892 
2 971 0.005921 true 2893 
971 5 -0.426809 true 2894 
2 6 -0.434809 true 2895 
4 11 
976 
977 
978 
975 
977 975 0.297331 true 2912 
975 978 -0.737879 true 2914 
978 5 0.049944 true 2915 
2 5 -4.801186 false 2904 
2 975 3.235379 false 2905 
975 5 -0.006719 false 2906 
975 6 -0.000035 true 2907 
2 976 1.959499 true 2908 
976 5 0.278848 true 2909 
976 975 0.338448 true 2910 
2 977 -2.037813 true 2911 
4 12 
979 
980 
981 
982 
4 5 0.007540 false 2916 
4 979 0.684061 true 2917 
979 5 1.448660 false 2918 
0 5 0.253516 false 2919 
0 980 0.064327 true 2920 
980 5 0.024453 false 2921 
1 6 0.233129 true 2922 
979 981 -1.130378 true 2923 
981 5 -0.236533 true 2924 
2 981 -1.543620 true 2925 
980 982 -1.151603 true 2926 
982 5 0.151564 true 2927 
4 11 
983 
984 
985 
986 
4 5 -0.119081 false 2928 
4 983 4.029026 false 2929 
983 5 2.087959 true 2930 
983 6 1.347119 false 2931 
4 984 0.044477 true 2932 
984 983 -0.371022 false 2933 
983 985 -0.098611 true 2935 
985 6 0.014490 true 2936 
2 984 0.044982 true 2937 
984 986 -1.638270 true 2938 
986 983 -0.512492 true 2939 
4 12 
987 
988 
989 
990 
1 988 -1.041194 false 2944 
988 5 0.030949 false 2945 
0 987 -2.111830 true 2946 
1 989 0.030935 true 2947 
989 988 -1.135157 true 2948 
988 987 0.154075 true 2949 
988 990 0.532806 true 2950 
990 5 0.030600 true 2951 
1 5 -0.011512 false 2940 
1 987 -1.586091 true 2941 
987 5 -0.527012 true 2942 
4 987 -0.025648 true 2943 
4 11 
992 
993 
994 
991 
993 5 0.059848 true 2960 
3 993 -0.019556 false 2961 
3 994 -1.130012 true 2962 
994 993 0.113718 true 2963 
3 5 1.762390 false 2952 
3 991 0.360401 false 2953 
991 5 0.105740 false 2954 
3 992 4.307715 true 2956 
992 991 -2.650578 true 2957 
4 5 -0.363123 true 2958 
991 993 -0.138954 true 2959 
4 12 
995 
996 
997 
998 
0 6 0.108708 false 2964 
0 995 -0.116281 false 2965 
995 6 0.425083 true 2966 
995 5 -0.979879 true 2967 
0 996 0.342040 false 2968 
996 995 -0.178824 true 2969 
1 6 -0.040795 true 2970 
0 997 -0.064534 true 2971 
997 996 0.234658 false 2972 
3 6 -0.081251 true 2973 
997 998 1.822187 true 2974 
998 996 -0.017357 true 2975 
4 12 
999 
1000 
1001 
1002 
1 5 0.051512 false 2976 
1 999 0.058642 true 2977 
999 5 -0.743245 false 2978 
0 5 -0.094332 true 2979 
999 1000 1.013225 false 2980 
1000 5 -0.380716 false 2981 
2 999 -0.075178 true 2982 
999 1001 0.486410 true 2983 
1001 1000 0.675801 true 2984 
4 999 0.705297 true 2985 
1000 1002 -0.609208 true 2986 
1002 5 -1.409114 true 2987 
4 11 
1003 
1004 
1005 
1006 
1003 1004 0.106802 true 2992 
1004 6 -0.002026 true 2993 
1003 1005 -0.922034 true 2995 
1005 6 0.824008 true 2996 
0 1005 0.593046 true 2997 
2 1006 0.535547 true 2998 
1006 1003 -1.147084 true 2999 
4 6 -0.199029 false 2988 
4 1003 0.487591 true 2989 
1003 6 0.216319 false 2990 
2 1003 4.054636 false 2991 
4 11 
1008 
1009 
1010 
1007 
1009 6 0.551954 true 3008 
4 1009 -0.099397 true 3009 
2 1010 0.325210 true 3010 
1010 6 0.281173 true 3011 
2 6 -0.810354 false 3000 
2 1007 -0.563384 true 3001 
1007 6 -0.676420 false 3002 
1007 1008 3.184682 true 3004 
1008 6 0.185393 false 3005 
0 1008 0.288003 true 3006 
1008 1009 0.285291 true 3007 
4 10 
1011 
1012 
1013 
1014 
4 6 -1.889766 false 3012 
4 1011 1.324551 false 3013 
1011 6 0.008107 false 3014 
4 1012 -0.002593 true 3016 
1012 6 -1.258934 true 3017 
4 1013 -0.069898 true 3019 
1013 1011 -0.081585 true 3020 
2 5 1.562258 true 3021 
1011 1014 1.856368 true 3022 
1014 6 -0.005143 true 3023 
4 12 
1015 
1016 
1017 
1018 
4 5 -0.135269 false 3024 
4 1015 0.474975 true 3025 
1015 5 0.019154 false 3026 
3 1015 -0.005562 true 3027 
4 1016 1.624527 true 3028 
1016 5 -0.228605 false 3029 
1 1015 1.604641 true 3030 
1015 1017 -0.199049 true 3031 
1017 5 0.007733 true 3032 
1016 1017 1.174358 true 3033 
1016 1018 -0.634491 true 3034 
1018 5 -1.004269 true 3035 
4 11 
1019 
1020 
1021 
1022 
1 1020 -0.121149 true 3040 
1020 5 -0.088185 true 3041 
1 1021 -0.229256 true 3043 
1021 1019 -0.037991 true 3044 
2 6 0.347524 false 3045 
2 1022 0.553491 true 3046 
1022 6 0.355199 true 3047 
1 5 1.233356 false 3036 
1 1019 -0.190866 false 3037 
1019 5 0.034967 true 3038 
2 1019 -0.577246 true 3039 
4 11 
1024 
1025 
1026 
1023 
1025 5 -0.009974 true 3056 
0 1023 0.966728 true 3057 
1 1026 -0.010751 true 3058 
1026 1023 0.016594 true 3059 
1 5 -0.024096 false 3048 
1 1023 0.009832 false 3049 
1023 5 -0.028455 false 3050 
1 1024 0.220868 true 3052 
1024 1023 -0.138362 true 3053 
1024 5 -2.231094 true 3054 
1023 1025 1.509064 true 3055 
4 11 
1027 
1028 
1029 
1030 
3 6 0.228916 false 3060 
3 1027 1.443999 true 3061 
1027 6 -0.675835 false 3062 
0 1027 -0.357573 false 3063 
0 1028 -0.485490 false 3064 
1028 1027 -0.016127 true 3065 
4 1027 -0.061790 true 3066 
1027 1029 -0.802491 true 3067 
1029 6 -1.292520 true 3068 
0 1030 0.406764 true 3070 
1030 1028 3.606738 true 3071 
4 11 
1031 
1032 
1033 
1034 
2 5 -0.571756 false 3072 
2 1031 0.009675 false 3073 
1031 5 -0.073988 true 3074 
4 1031 0.761641 true 3075 
2 1032 0.037551 false 3076 
1032 1031 2.106234 true 3077 
2 1033 0.066206 false 3079 
1033 1032 -1.266282 true 3080 
4 1033 -0.040183 true 3081 
2 1034 1.940300 true 3082 
1034 1033 0.092753 true 3083 
4 12 
1035 
1036 
1037 
1038 
1035 1036 1.070278 true 3088 
1036 6 -0.377002 true 3089 
2 6 0.565848 false 3090 
0 1037 -0.576015 true 3091 
1037 6 -0.536278 true 3092 
1 1037 -0.088588 true 3093 
2 1038 1.944175 true 3094 
1038 6 -0.686760 true 3095 
4 6 0.008870 false 3084 
4 1035 -2.607201 true 3085 
1035 6 1.988153 false 3086 
0 6 -0.700304 false 3087 
4 10 
1040 
1041 
1042 
1039 
1041 5 0.017173 true 3104 
1040 1041 0.248888 true 3105 
3 1042 -0.828664 true 3106 
1042 5 -1.464185 true 3107 
3 5 1.424278 false 3096 
3 1039 -0.595761 true 3097 
1039 5 -0.475107 false 3098 
1039 1040 0.517313 true 3100 
1040 5 0.201995 true 3101 
3 1041 0.182317 true 3103 
4 10 
1043 
1044 
1045 
1046 
1 6 0.000202 false 3108 
1 1043 0.303918 true 3109 
1043 6 0.029312 false 3110 
1 1044 -1.683677 true 3112 
1044 6 0.000101 false 3113 
3 1043 -0.458824 true 3114 
1044 1045 0.016828 true 3115 
1045 6 -0.000035 true 3116 
1043 1046 1.868410 true 3118 
1046 6 0.010335 true 3119 
4 12 
1047 
1048 
1049 
1050 
4 5 0.041747 false 3120 
4 1047 -0.013768 true 3121 
1047 5 0.391844 false 3122 
3 5 -0.310982 true 3123 
1047 1048 -1.126127 false 3124 
1048 5 -0.042114 true 3125 
3 1047 -0.003694 true 3126 
1047 1049 -1.646657 true 3127 
1049 5 0.137121 true 3128 
4 1049 -1.583336 true 3129 
1047 1050 1.752394 true 3130 
1050 1048 1.616924 true 3131 
4 12 
1051 
1052 
1053 
1054 
1051 1052 -0.258659 true 3136 
1052 6 -7.068448 false 3137 
1052 5 1.437477 true 3138 
4 1053 0.494166 true 3139 
1053 1051 0.233348 true 3140 
0 1052 -1.047129 true 3141 
1052 1054 0.192513 true 3142 
1054 6 -3.428992 true 3143 
4 6 -1.250914 false 3132 
4 1051 0.123840 false 3133 
1051 6 -4.706529 false 3134 
1051 5 0.032237 true 3135 
4 11 
1056 
1057 
1058 
1055 
1057 1055 0.007199 true 3152 
1056 1057 -1.711556 true 3153 
4 1058 -1.177891 true 3154 
1058 1057 2.777420 true 3155 
1 5 0.024087 false 3144 
1 1055 1.159539 true 3145 
1055 5 0.156161 false 3146 
4 1055 -0.115337 false 3147 
1055 1056 0.940849 true 3148 
1056 5 0.112759 true 3149 
4 1057 1.725624 false 3151 
4 12 
1059 
1060 
1061 
1062 
4 6 0.195945 false 3156 
4 1059 -0.943840 true 3157 
1059 6 -1.337019 false 3158 
1059 5 0.356959 true 3159 
4 1060 -0.041895 true 3160 
1060 6 -0.335559 true 3161 
0 1059 1.355777 false 3162 
0 1061 0.583295 true 3163 
1061 1059 -0.246711 true 3164 
0 6 -0.293686 true 3165 
1059 1062 -0.496032 true 3166 
1062 6 0.008869 true 3167 
4 11 
1063 
1064 
1065 
1066 
1 5 -0.369591 false 3168 
1 1063 -2.970664 true 3169 
1063 5 -0.148320 true 3170 
4 5 0.282902 false 3171 
4 1064 -1.731426 true 3172 
1064 5 -1.998642 true 3173 
4 1065 -0.816497 true 3175 
1065 5 1.288230 false 3176 
0 1064 0.152308 true 3177 
1065 1066 0.180721 true 3178 
1066 5 -0.063596 true 3179 
4 12 
1067 
1068 
1069 
1070 
0 1068 -1.376291 true 3184 
1068 1067 -0.723055 true 3185 
1067 6 -0.133980 true 3186 
1 1069 -0.154707 true 3187 
1069 5 0.771595 true 3188 
4 5 0.082096 true 3189 
0 1070 -1.462467 true 3190 
1070 1067 0.856117 true 3191 
1 5 2.253088 false 3180 
1 1067 -0.378896 true 3181 
1067 5 0.226336 true 3182 
0 1067 -1.216969 false 3183 
4 11 
1072 
1073 
1074 
1071 
1073 5 -0.164972 true 3200 
4 6 -1.239425 false 3201 
4 1074 1.184348 true 3202 
1074 6 1.039397 true 3203 
0 5 -0.094602 false 3192 
0 1071 1.335723 true 3193 
1071 5 -0.345479 true 3194 
3 5 -0.182963 true 3195 
0 1072 0.083448 true 3196 
1072 5 -0.384135 false 3197 
1072 1073 1.119198 true 3199 
4 11 
1075 
1076 
1077 
1078 
2 6 0.177806 false 3204 
2 1075 -0.056554 false 3205 
1075 6 0.910513 true 3206 
3 6 -1.653703 true 3207 
2 1076 0.826112 true 3208 
1076 1075 -1.386641 true 3209 
0 1076 0.111754 false 3210 
0 1077 -1.410964 true 3211 
1077 1076 -0.008561 true 3212 
0 1078 -1.346554 true 3214 
1078 1076 -0.059161 true 3215 
4 12 
1079 
1080 
1081 
1082 
1 5 -4.689276 false 3216 
1 1079 0.691073 false 3217 
1079 5 0.112513 true 3218 
2 5 -0.135986 false 3219 
2 1080 0.697229 true 3220 
1080 5 0.931944 true 3221 
1 1080 0.143841 false 3222 
1 1081 0.127696 true 3223 
1081 1079 2.589874 true 3224 
3 5 1.059425 true 3225 
1 1082 1.651686 true 3226 
1082 1080 0.081159 true 3227 
4 11 
1083 
1084 
1085 
1086 
0 1084 -0.012513 true 3232 
1084 1083 -0.421825 true 3233 
1084 5 0.198566 false 3234 
1084 1085 1.401371 true 3235 
1085 5 2.395533 false 3236 
1085 1086 1.763136 true 3238 
1086 5 -1.146135 true 3239 
0 6 1.403767 false 3228 
0 1083 0.301318 false 3229 
1083 6 -0.427928 true 3230 
3 5 -0.113644 true 3231 
4 11 
1088 
1089 
1090 
1087 
1089 5 -0.191391 false 3248 
2 6 -0.102915 true 3249 
1089 1090 1.639096 true 3250 
1090 5 -0.852450 true 3251 
1 6 -1.136309 false 3240 
1 1087 0.213613 true 3241 
1087 6 0.294496 false 3242 
2 5 0.184113 false 3243 
1087 1088 -2.861885 true 3244 
1088 6 -3.110569 true 3245 
2 1089 -0.090538 true 3247 
4 11 
1091 
1092 
1093 
1094 
1 6 -0.116016 false 3252 
1 1091 -0.093624 true 3253 
1091 6 -0.005462 false 3254 
4 1091 -0.024389 true 3255 
1091 1092 -0.396838 false 3256 
1092 6 0.473956 true 3257 
3 1091 3.082908 true 3258 
1091 1093 -0.010062 true 3259 
1093 1092 -1.557555 true 3260 
1091 1094 -0.133202 true 3262 
1094 6 -0.004507 true 3263 
4 12 
1095 
1096 
1097 
1098 
3 5 -0.009743 false 3264 
3 1095 0.003889 false 3265 
1095 5 -0.027993 false 3266 
0 5 -0.339532 true 3267 
1095 1096 -0.142044 true 3268 
1096 5 -0.103797 true 3269 
0 1095 -0.133608 true 3270 
3 1097 1.908644 true 3271 
1097 1095 -0.000779 true 3272 
1095 6 0.298293 true 3273 
1095 1098 -1.068211 true 3274 
1098 5 -0.135675 true 3275 
4 9 
1099 
1100 
1101 
1102 
4 1100 0.921749 true 3280 
1100 1099 -1.464934 false 3281 
1100 1101 0.460884 false 3283 
1101 1099 -0.800778 true 3284 
1100 1102 -0.541196 true 3286 
1102 1101 -0.000586 true 3287 
4 6 -0.029698 false 3276 
4 1099 0.474454 false 3277 
1099 6 1.221879 true 3278 
4 11 
1104 
1105 
1106 
1103 
1105 1104 0.922278 true 3296 
3 1105 -0.778580 true 3297 
1103 1106 -0.298343 true 3298 
1106 5 1.561464 true 3299 
1 6 0.314461 false 3288 
1 1103 -1.380666 true 3289 
1103 6 0.016728 true 3290 
1103 5 0.195211 false 3291 
1 1104 0.231517 false 3292 
1104 6 -0.540961 true 3293 
1 1105 -0.862883 true 3295 
4 11 
1107 
1108 
1109 
1110 
2 6 0.220267 false 3300 
2 1107 0.066358 false 3301 
1107 6 -0.065777 true 3302 
1107 5 -0.312873 false 3303 
1107 1108 -0.000655 true 3304 
1108 5 -1.487831 true 3305 
0 1107 0.049768 true 3306 
1107 1109 -1.494935 true 3307 
1109 5 2.324835 true 3308 
2 1110 1.900415 true 3310 
1110 1107 -0.102762 true 3311 
4 10 
1111 
1112 
1113 
1114 
4 6 0.072359 false 3312 
4 1111 -1.070777 false 3313 
1111 6 -0.467487 false 3314 
1111 1112 -1.587488 true 3316 
1112 6 0.122968 true 3317 
2 5 -1.637478 true 3318 
4 1113 0.174766 true 3319 
1113 1111 -1.013932 true 3320 
1111 1114 -1.900482 true 3322 
1114 6 0.061116 true 3323 
4 11 
1115 
1116 
1117 
1118 
1115 1116 -1.926076 true 3328 
1116 5 -1.070744 true 3329 
0 1116 -0.807331 true 3330 
1115 1117 2.696398 true 3331 
1117 5 2.969429 true 3332 
1115 1118 -1.616225 true 3334 
1118 5 -0.014394 true 3335 
4 5 -2.238594 false 3324 
4 1115 -0.332850 true 3325 
1115 5 0.030967 false 3326 
1 1115 0.232880 true 3327 
4 10 
1120 
1121 
1122 
1119 
1121 1119 1.778547 true 3344 
4 1122 -0.973468 true 3346 
1122 6 0.524499 true 3347 
4 6 0.636377 false 3336 
4 1119 0.226611 true 3337 
1119 6 -0.253535 false 3338 
1119 1120 0.117253 true 3340 
1120 6 -0.188367 true 3341 
1 1119 -0.059959 false 3342 
1 1121 0.202847 true 3343 
4 12 
1123 
1124 
1125 
1126 
1 5 -0.018464 false 3348 
1 1123 0.000775 false 3349 
1123 5 -0.309738 true 3350 
3 6 -0.457227 false 3351 
3 1124 -0.077417 true 3352 
1124 6 -0.754715 true 3353 
4 1123 -0.320715 true 3354 
1 1125 -0.471935 true 3355 
1125 1123 -0.001238 true 3356 
1123 6 -0.492447 true 3357 
1 1126 -1.299046 true 3358 
1126 1123 0.000225 true 3359 
4 12 
1127 
1128 
1129 
1130 
1 6 -0.431333 false 3360 
1 1127 -3.338025 false 3361 
1127 6 -4.336517 false 3362 
1127 5 1.434365 true 3363 
1127 1128 0.002397 true 3364 
1128 6 -0.036147 true 3365 
1 1128 0.102164 true 3366 
1 1129 1.022533 true 3367 
1129 6 -0.448966 true 3368 
1127 1129 0.109893 true 3369 
1 1130 0.762941 true 3370 
1130 1127 -2.881548 true 3371 
4 11 
1131 
1132 
1133 
1134 
2 1132 0.069793 true 3376 
1132 6 -1.027911 true 3377 
1131 1133 -2.804215 true 3379 
1133 6 -3.395903 true 3380 
1132 1133 -0.374824 true 3381 
1131 1134 -1.859741 true 3382 
1134 6 0.636884 true 3383 
2 6 0.045945 false 3372 
2 1131 -8.618629 true 3373 
1131 6 -1.276044 false 3374 
2 5 0.252833 true 3375 
4 10 
1136 
1137 
1138 
1135 
1137 6 1.201457 true 3392 
4 1138 0.665872 true 3394 
1138 6 -0.071042 true 3395 
4 6 -0.303823 false 3384 
4 1135 0.183017 true 3385 
1135 6 -0.212910 false 3386 
1135 1136 -0.127669 true 3388 
1136 6 3.890108 true 3389 
3 6 -0.055535 false 3390 
3 1137 0.739967 true 3391 
4 12 
1139 
1140 
1141 
1142 
1 6 -0.306003 false 3396 
1 1139 -3.403244 false 3397 
1139 6 -0.196904 false 3398 
2 6 -0.825155 true 3399 
1 1140 -0.230671 true 3400 
1140 1139 0.743739 false 3401 
0 1139 -0.437815 true 3402 
1140 1141 -1.345687 true 3403 
1141 1139 0.905316 true 3404 
1139 5 -0.313171 true 3405 
1139 1142 -1.734887 true 3406 
1142 6 0.939899 true 3407 
4 12 
1143 
1144 
1145 
1146 
2 5 0.031031 false 3408 
2 1143 -1.044867 true 3409 
1143 5 -1.932268 true 3410 
1143 6 3.442107 false 3411 
2 1144 -1.198710 false 3412 
1144 5 0.461386 true 3413 
0 6 -1.164855 true 3414 
1143 1145 -0.332865 true 3415 
1145 6 -0.192461 true 3416 
1145 1144 0.286953 true 3417 
2 1146 -1.761765 true 3418 
1146 1144 -4.462962 true 3419 
4 11 
1147 
1148 
1149 
1150 
2 1148 -1.031316 true 3424 
1148 6 -1.281169 true 3425 
4 1147 0.006443 false 3426 
0 1149 0.723562 true 3427 
1149 1147 -10.462880 true 3428 
4 1150 -0.708244 true 3430 
1150 1147 0.006726 true 3431 
0 6 -3.754069 false 3420 
0 1147 -3.233492 false 3421 
1147 6 1.610469 true 3422 
2 6 -0.022788 false 3423 
4 11 
1152 
1153 
1154 
1151 
1153 1152 -0.344646 true 3440 
1153 6 -0.066651 true 3441 
4 1154 -0.875185 true 3442 
1154 1151 -0.097907 true 3443 
4 5 0.622669 false 3432 
4 1151 0.090785 false 3433 
1151 5 0.004431 true 3434 
4 1152 0.495879 false 3436 
1152 5 0.622078 true 3437 
1 6 0.709072 true 3438 
4 1153 -1.086299 true 3439 
4 9 
1155 
1156 
1157 
1158 
2 5 -1.204947 false 3444 
2 1155 -2.792757 true 3445 
1155 5 0.260499 false 3446 
1155 1156 -1.506443 false 3448 
1156 5 -1.959790 true 3449 
1155 1157 0.383843 true 3451 
1157 1156 0.078339 true 3452 
2 1158 0.972439 true 3454 
1158 5 2.395032 true 3455 
4 10 
1159 
1160 
1161 
1162 
2 5 0.758926 false 3456 
2 1159 -0.277501 true 3457 
1159 5 0.102195 false 3458 
1159 1160 0.035204 true 3460 
1160 5 -0.028821 false 3461 
1160 1161 0.622452 true 3463 
1161 5 -0.039011 true 3464 
2 6 0.154846 true 3465 
1159 1162 -0.156281 true 3466 
1162 5 -0.042342 true 3467 
4 11 
1163 
1164 
1165 
1166 
2 1164 -0.221711 true 3472 
1164 1163 -0.514077 true 3473 
1 1163 -1.206542 false 3474 
2 1165 0.000678 true 3475 
1165 1163 -1.765030 true 3476 
1 1166 0.371493 true 3478 
1166 1163 0.421459 true 3479 
2 5 2.969381 false 3468 
2 1163 3.548131 false 3469 
1163 5 0.263171 true 3470 
0 6 -0.018500 true 3471 
4 11 
1168 
1169 
1170 
1167 
1169 1168 1.638299 true 3488 
2 5 0.360770 true 3489 
1167 1170 -0.980165 true 3490 
1170 5 1.556761 true 3491 
1 5 0.177560 false 3480 
1 1167 5.121230 true 3481 
1167 5 -0.664776 false 3482 
1167 1168 -2.229162 false 3484 
1168 5 3.319628 true 3485 
0 5 0.143530 true 3486 
1167 1169 0.884397 true 3487 
4 10 
1171 
1172 
1173 
1174 
1 5 -1.270251 false 3492 
1 1171 -1.041340 false 3493 
1171 5 -0.011627 true 3494 
1 1172 0.610724 false 3496 
1172 5 0.634465 true 3497 
2 1171 0.365415 true 3498 
1 1173 0.558335 true 3499 
1173 1172 -0.221932 true 3500 
1 1174 1.390043 true 3502 
1174 1171 1.658453 true 3503 
4 10 
1175 
1176 
1177 
1178 
0 6 0.898725 false 3504 
0 1175 -0.298222 true 3505 
1175 6 0.041130 true 3506 
2 6 -0.154979 true 3507 
0 1176 0.065479 false 3508 
1176 6 -0.476704 true 3509 
0 1177 0.892367 true 3511 
1177 6 -0.202146 true 3512 
0 1178 -0.193518 true 3514 
1178 1176 -1.524122 true 3515 
4 10 
1179 
1180 
1181 
1182 
1179 1180 1.163298 true 3520 
1180 6 0.059386 false 3521 
1180 1181 1.685478 false 3523 
1181 6 -0.088334 true 3524 
1180 1182 0.140428 true 3526 
1182 1181 1.965114 true 3527 
4 6 0.430111 false 3516 
4 1179 -1.302026 true 3517 
1179 6 -0.082756 false 3518 
1179 5 -0.075218 true 3519 
4 12 
1184 
1185 
1186 
1183 
1185 6 -0.504924 true 3536 
2 5 -0.455561 false 3537 
2 1186 1.322552 true 3538 
1186 5 -0.739713 true 3539 
3 6 -0.061410 false 3528 
3 1183 0.010725 true 3529 
1183 6 -0.050279 false 3530 
4 5 0.275535 true 3531 
1183 1184 -0.129473 true 3532 
1184 6 0.916817 true 3533 
4 1184 -0.118823 true 3534 
1183 1185 -0.024164 true 3535 
4 11 
1187 
1188 
1189 
1190 
2 6 1.157941 false 3540 
2 1187 -2.458822 true 3541 
1187 6 -0.336820 true 3542 
3 1187 0.603609 true 3543 
2 1188 1.947840 false 3544 
1188 6 -0.617277 true 3545 
2 1189 -0.668380 false 3547 
1189 1188 -0.652089 true 3548 
0 6 -0.081301 true 3549 
2 1190 -1.112035 true 3550 
1190 1189 0.795076 true 3551 
4 11 
1191 
1192 
1193 
1194 
2 6 0.056132 false 3552 
2 1191 -0.169570 true 3553 
1191 6 0.003897 true 3554 
1 5 -0.069887 false 3555 
1 1192 0.792741 true 3556 
1192 5 -0.085328 true 3557 
1192 6 2.387240 false 3558 
1192 1193 -0.314616 true 3559 
1193 6 -0.114567 true 3560 
1 1194 -0.177166 true 3562 
1194 5 -0.548778 true 3563 
4 12 
1195 
1196 
1197 
1198 
2 1196 -0.444105 true 3568 
1196 1195 -0.449998 true 3569 
1 6 0.372656 true 3570 
3 1197 1.374943 true 3571 
1197 5 1.891106 true 3572 
0 6 -0.060922 false 3573 
0 1198 1.871235 true 3574 
1198 6 -0.726171 true 3575 
3 5 1.596859 false 3564 
3 1195 -1.179673 true 3565 
1195 5 -3.989568 true 3566 
2 1195 0.073037 false 3567 
4 12 
1200 
1201 
1202 
1199 
1201 1200 -0.049801 true 3584 
3 1200 0.787713 true 3585 
1200 1202 1.225695 true 3586 
1202 1199 -0.146732 true 3587 
1 6 0.140051 false 3576 
1 1199 -2.276975 false 3577 
1199 6 0.000395 true 3578 
2 1199 0.250837 true 3579 
1 1200 0.000605 false 3580 
1200 1199 0.037859 false 3581 
0 6 0.806414 true 3582 
1 1201 -0.776714 true 3583 
4 12 
1203 
1204 
1205 
1206 
2 5 1.060828 false 3588 
2 1203 -0.759406 false 3589 
1203 5 1.730805 true 3590 
4 5 -0.051120 false 3591 
4 1204 0.260914 true 3592 
1204 5 -0.094303 true 3593 
4 1203 0.293249 true 3594 
4 1205 2.440845 true 3595 
1205 5 -0.741720 true 3596 
1204 1205 -0.198545 true 3597 
2 1206 -0.209206 true 3598 
1206 1203 0.920634 true 3599 
